1 1	11550 
1 2	10400 
1 3	8600 
1 4	12350 
1 5	11650 
1 6	10550 
1 8	7400 
1 7	12150 
1 9	8000 
1 10	10400 
1 12	7700 
1 11	14750 
1 13	11700 
1 14	13400 
1 15	11000 
1 16	9300 
1 17	11650 
1 18	11900 
1 19	10350 
1 20	13150 
1 21	12600 
1 22	13300 
1 23	10150 
1 24	13450 
1 25	9450 
1 26	9550 
1 27	11000 
1 29	10400 
1 28	15050 
1 30	14500 
1 31	12150 
1 32	9000 
1 33	9900 
1 34	9350 
1 36	10550 
1 35	13000 
1 37	14100 
1 38	12000 
1 39	11900 
1 40	12200 
1 41	7750 
1 42	9950 
1 43	8850 
1 44	12350 
1 45	14350 
1 46	11300 
1 47	12850 
1 49	13750 
1 50	9100 
1 51	12450 
1 48	15550 
1 52	9700 
1 53	9300 
1 54	12650 
1 55	9550 
1 56	8950 
1 58	12350 
1 59	10900 
1 57	19750 
1 60	12650 
1 61	13500 
1 63	12200 
1 64	10450 
1 62	13300 
1 65	12350 
1 66	14350 
1 67	14300 
1 68	11850 
1 69	13350 
1 70	14500 
1 71	12100 
1 72	10050 
1 73	15450 
1 74	12500 
1 75	10700 
1 76	10150 
1 78	9250 
1 79	13300 
1 77	11200 
1 80	13900 
1 82	6900 
1 81	15000 
1 83	12150 
1 84	10000 
1 85	8750 
1 86	13000 
1 87	14650 
1 89	9050 
1 88	11900 
1 90	11350 
1 91	10400 
1 92	13950 
1 93	14850 
1 94	9800 
1 95	9850 
1 96	11100 
1 97	14700 
1 98	12200 
1 99	9250 
1 100	12800 
