0.05 1	26740200 
0.05 2	26957600 
0.05 4	26957600 
0.05 3	27609800 
0.05 5	26957600 
0.05 6	27175000 
0.05 7	27609800 
0.05 8	27609800 
0.05 9	26957600 
0.05 10	26522800 
0.05 11	26305400 
0.05 12	27175000 
0.05 13	26522800 
0.05 14	27175000 
0.05 15	28044600 
0.05 16	26740200 
0.05 17	26957600 
0.05 18	26522800 
0.05 19	26305400 
0.05 20	27175000 
0.05 21	27175000 
0.05 22	27175000 
0.05 23	27392400 
0.05 24	27175000 
0.05 25	23914000 
0.05 26	26740200 
0.05 27	27175000 
0.05 28	27392400 
0.05 29	26740200 
0.05 30	27392400 
0.05 31	27827200 
0.05 32	26740200 
0.05 33	27175000 
0.05 34	27392400 
0.05 36	25653200 
0.05 35	27392400 
0.05 37	27175000 
0.05 39	25435800 
0.05 38	27392400 
0.05 40	26522800 
0.05 41	27175000 
0.05 42	27827200 
0.05 43	28044600 
0.05 44	28044600 
0.05 45	26522800 
0.05 46	26522800 
0.05 48	26740200 
0.05 47	27609800 
0.05 49	26957600 
0.05 50	27175000 
0.05 51	27175000 
0.05 52	27175000 
0.05 53	27827200 
0.05 54	26522800 
0.05 55	26957600 
0.05 56	27609800 
0.05 57	27609800 
0.05 58	26740200 
0.05 59	27392400 
0.05 60	26957600 
0.05 61	25218400 
0.05 62	27175000 
0.05 63	26522800 
0.05 64	26522800 
0.05 65	27827200 
0.05 66	27392400 
0.05 67	26088000 
0.05 68	26740200 
0.05 69	27175000 
0.05 70	25653200 
0.05 71	27609800 
0.05 72	27827200 
0.05 74	25001000 
0.05 73	27392400 
0.05 75	27609800 
0.05 76	26957600 
0.05 77	26740200 
0.05 78	26957600 
0.05 79	24783600 
0.05 80	27392400 
0.05 81	26740200 
0.05 82	27827200 
0.05 83	27609800 
0.05 84	27175000 
0.05 85	26957600 
0.05 86	25870600 
0.05 87	26957600 
0.05 88	26088000 
0.05 89	27175000 
0.05 90	27609800 
0.05 91	26957600 
0.05 92	26957600 
0.05 93	27175000 
0.05 94	26740200 
0.05 95	26522800 
0.05 96	27392400 
0.05 97	27609800 
0.05 98	27175000 
0.1 1	4344000 
0.05 99	26957600 
0.1 2	4452600 
0.05 100	25870600 
0.1 3	4561200 
0.1 4	4506900 
0.1 5	4235400 
0.1 6	4344000 
0.1 7	4344000 
0.1 8	4398300 
0.1 9	4398300 
0.1 10	4615500 
0.1 11	4506900 
0.1 13	4344000 
0.1 12	4452600 
0.1 14	4398300 
0.1 15	4344000 
0.1 17	4235400 
0.1 16	4344000 
0.1 18	4289700 
0.1 19	4344000 
0.1 21	4289700 
0.1 20	4452600 
0.1 22	4398300 
0.1 23	4506900 
0.1 25	4126800 
0.1 24	4452600 
0.1 26	4561200 
0.1 27	4344000 
0.1 29	4181100 
0.1 28	4398300 
0.1 30	4398300 
0.1 31	4452600 
0.1 33	4289700 
0.1 32	4398300 
0.1 34	4398300 
0.1 35	4344000 
0.1 36	4344000 
0.1 37	4506900 
0.1 38	4398300 
0.1 39	4289700 
0.1 40	4506900 
0.1 41	4398300 
0.1 42	4344000 
0.1 43	4398300 
0.1 44	4344000 
0.1 45	4344000 
0.1 46	4289700 
0.1 47	4289700 
0.1 48	4289700 
0.1 49	4398300 
0.1 50	4289700 
0.1 51	4452600 
0.1 52	4506900 
0.1 53	4506900 
0.1 54	4452600 
0.1 55	4452600 
0.1 56	4235400 
0.1 57	4452600 
0.1 58	4398300 
0.1 59	4398300 
0.1 60	4452600 
0.1 61	4506900 
0.1 62	4506900 
0.1 63	4235400 
0.1 64	4181100 
0.1 65	4561200 
0.1 66	4398300 
0.1 67	4344000 
0.1 68	4072500 
0.1 69	4452600 
0.1 70	4561200 
0.1 71	4506900 
0.1 72	4235400 
0.1 73	4506900 
0.1 74	4452600 
0.1 75	4398300 
0.1 76	4344000 
0.1 77	4344000 
0.1 78	4452600 
0.1 79	4452600 
0.1 80	3963900 
0.1 81	4398300 
0.1 83	4072500 
0.1 82	4398300 
0.1 84	4398300 
0.1 85	4344000 
0.1 86	4398300 
0.1 87	4344000 
0.1 88	4452600 
0.1 89	4398300 
0.1 90	4126800 
0.1 92	4344000 
0.1 91	4452600 
0.1 93	4398300 
0.1 94	4344000 
0.1 96	4344000 
0.1 95	4452600 
0.1 97	4452600 
0.15 1	1566500 
0.1 98	4506900 
0.1 100	4181100 
0.1 99	4398300 
0.15 2	1590600 
0.15 3	1590600 
0.15 4	1590600 
0.15 5	1470100 
0.15 6	1542400 
0.15 7	1518300 
0.15 9	1494200 
0.15 8	1542400 
0.15 10	1518300 
0.15 11	1518300 
0.15 13	1542400 
0.15 12	1566500 
0.15 14	1494200 
0.15 15	1542400 
0.15 17	1518300 
0.15 16	1542400 
0.15 18	1542400 
0.15 19	1590600 
0.15 21	1518300 
0.15 20	1590600 
0.15 22	1518300 
0.15 23	1590600 
0.15 24	1566500 
0.15 25	1542400 
0.15 26	1590600 
0.15 27	1518300 
0.15 28	1518300 
0.15 29	1590600 
0.15 30	1590600 
0.15 31	1566500 
0.15 32	1590600 
0.15 33	1542400 
0.15 34	1590600 
0.15 35	1566500 
0.15 36	1518300 
0.15 37	1542400 
0.15 38	1518300 
0.15 39	1542400 
0.15 41	1518300 
0.15 40	1590600 
0.15 42	1566500 
0.15 43	1542400 
0.15 44	1614700 
0.15 45	1590600 
0.15 46	1518300 
0.15 47	1542400 
0.15 49	1566500 
0.15 48	1590600 
0.15 50	1542400 
0.15 51	1542400 
0.15 52	1566500 
0.15 53	1590600 
0.15 54	1542400 
0.15 55	1470100 
0.15 56	1470100 
0.15 57	1590600 
0.15 58	1542400 
0.15 59	1566500 
0.15 60	1566500 
0.15 61	1566500 
0.15 62	1518300 
0.15 63	1542400 
0.15 64	1518300 
0.15 65	1590600 
0.15 66	1590600 
0.15 67	1397800 
0.15 68	1542400 
0.15 69	1566500 
0.15 70	1566500 
0.15 71	1566500 
0.15 72	1542400 
0.15 73	1518300 
0.15 74	1590600 
0.15 75	1566500 
0.15 76	1590600 
0.15 77	1590600 
0.15 78	1566500 
0.15 79	1542400 
0.15 80	1614700 
0.15 81	1542400 
0.15 82	1566500 
0.15 83	1542400 
0.15 85	1494200 
0.15 84	1638800 
0.15 87	1566500 
0.15 86	1638800 
0.15 88	1566500 
0.15 89	1566500 
0.15 90	1590600 
0.15 91	1566500 
0.15 92	1590600 
0.15 93	1566500 
0.15 95	1518300 
0.15 94	1590600 
0.15 97	1494200 
0.15 96	1590600 
0.2 1	742500 
0.15 98	1518300 
0.15 99	1518300 
0.2 2	742500 
0.2 4	756000 
0.2 3	796500 
0.15 100	1590600 
0.2 5	756000 
0.2 7	756000 
0.2 8	715500 
0.2 6	796500 
0.2 9	756000 
0.2 10	756000 
0.2 12	742500 
0.2 11	769500 
0.2 13	742500 
0.2 14	742500 
0.2 15	742500 
0.2 16	769500 
0.2 17	742500 
0.2 18	742500 
0.2 19	756000 
0.2 20	769500 
0.2 21	715500 
0.2 22	715500 
0.2 23	729000 
0.2 24	756000 
0.2 25	769500 
0.2 26	756000 
0.2 27	756000 
0.2 28	729000 
0.2 29	769500 
0.2 31	756000 
0.2 30	756000 
0.2 32	729000 
0.2 33	769500 
0.2 36	688500 
0.2 34	756000 
0.2 35	769500 
0.2 37	729000 
0.2 40	688500 
0.2 38	783000 
0.2 39	769500 
0.2 41	783000 
0.2 42	769500 
0.2 44	756000 
0.2 43	756000 
0.2 45	742500 
0.2 46	756000 
0.2 47	742500 
0.2 48	783000 
0.2 49	742500 
0.2 51	742500 
0.2 50	783000 
0.2 52	756000 
0.2 53	729000 
0.2 54	769500 
0.2 55	756000 
0.2 56	783000 
0.2 57	769500 
0.2 58	742500 
0.2 59	783000 
0.2 60	756000 
0.2 61	742500 
0.2 63	756000 
0.2 62	783000 
0.2 64	783000 
0.2 65	796500 
0.2 67	742500 
0.2 66	769500 
0.2 68	769500 
0.2 69	729000 
0.2 70	783000 
0.2 71	796500 
0.2 72	769500 
0.2 73	742500 
0.2 74	729000 
0.2 76	756000 
0.2 75	783000 
0.2 77	742500 
0.2 78	769500 
0.2 80	729000 
0.2 79	783000 
0.2 81	756000 
0.2 82	756000 
0.2 83	756000 
0.2 84	756000 
0.2 85	756000 
0.2 86	756000 
0.2 87	769500 
0.2 88	756000 
0.2 89	756000 
0.2 90	756000 
0.2 91	783000 
0.2 92	769500 
0.2 93	742500 
0.2 94	783000 
0.2 95	756000 
0.2 96	756000 
0.2 97	729000 
0.2 98	769500 
0.2 100	729000 
0.2 99	810000 
0.25 1	438600 
0.25 2	455800 
0.25 3	447200 
0.25 4	447200 
0.25 5	430000 
0.25 7	430000 
0.25 6	447200 
0.25 8	455800 
0.25 9	455800 
0.25 11	412800 
0.25 10	421400 
0.25 12	430000 
0.25 13	447200 
0.25 15	412800 
0.25 14	455800 
0.25 16	447200 
0.25 17	455800 
0.25 18	455800 
0.25 19	455800 
0.25 20	430000 
0.25 21	438600 
0.25 22	438600 
0.25 23	438600 
0.25 24	455800 
0.25 25	455800 
0.25 26	430000 
0.25 27	447200 
0.25 28	464400 
0.25 29	421400 
0.25 30	438600 
0.25 31	438600 
0.25 32	455800 
0.25 33	430000 
0.25 34	455800 
0.25 35	455800 
0.25 36	464400 
0.25 37	430000 
0.25 38	447200 
0.25 39	412800 
0.25 40	447200 
0.25 41	438600 
0.25 42	438600 
0.25 43	447200 
0.25 44	447200 
0.25 45	455800 
0.25 47	430000 
0.25 46	455800 
0.25 48	438600 
0.25 49	430000 
0.25 50	438600 
0.25 51	438600 
0.25 52	455800 
0.25 53	430000 
0.25 54	455800 
0.25 55	438600 
0.25 56	438600 
0.25 57	438600 
0.25 58	430000 
0.25 59	455800 
0.25 60	430000 
0.25 61	438600 
0.25 62	412800 
0.25 63	455800 
0.25 64	438600 
0.25 65	438600 
0.25 66	455800 
0.25 67	447200 
0.25 68	421400 
0.25 69	430000 
0.25 70	455800 
0.25 71	412800 
0.25 72	455800 
0.25 73	430000 
0.25 74	421400 
0.25 75	447200 
0.25 76	430000 
0.25 77	438600 
0.25 78	430000 
0.25 79	455800 
0.25 80	438600 
0.25 81	430000 
0.25 82	447200 
0.25 83	464400 
0.25 84	447200 
0.25 85	447200 
0.25 86	430000 
0.25 88	404200 
0.25 87	430000 
0.25 89	447200 
0.25 90	421400 
0.25 91	438600 
0.25 92	455800 
0.25 93	438600 
0.25 94	438600 
0.25 95	421400 
0.25 96	464400 
0.25 97	447200 
0.25 98	430000 
0.25 99	438600 
0.25 100	447200 
0.3 1	288000 
0.3 2	288000 
0.3 3	294000 
0.3 4	276000 
0.3 5	282000 
0.3 6	288000 
0.3 7	294000 
0.3 8	288000 
0.3 9	276000 
0.3 10	282000 
0.3 11	264000 
0.3 12	288000 
0.3 13	288000 
0.3 14	282000 
0.3 15	270000 
0.3 16	294000 
0.3 17	300000 
0.3 18	294000 
0.3 19	276000 
0.3 20	300000 
0.3 21	288000 
0.3 22	282000 
0.3 23	276000 
0.3 24	282000 
0.3 25	294000 
0.3 26	276000 
0.3 27	282000 
0.3 28	282000 
0.3 29	282000 
0.3 30	288000 
0.3 31	288000 
0.3 32	288000 
0.3 33	294000 
0.3 35	288000 
0.3 34	294000 
0.3 36	294000 
0.3 37	276000 
0.3 38	294000 
0.3 39	306000 
0.3 40	282000 
0.3 41	282000 
0.3 42	294000 
0.3 43	282000 
0.3 44	288000 
0.3 45	288000 
0.3 46	282000 
0.3 47	282000 
0.3 48	288000 
0.3 49	288000 
0.3 50	282000 
0.3 51	294000 
0.3 52	282000 
0.3 53	288000 
0.3 54	294000 
0.3 55	276000 
0.3 56	294000 
0.3 57	288000 
0.3 59	252000 
0.3 58	300000 
0.3 60	294000 
0.3 61	288000 
0.3 62	276000 
0.3 63	294000 
0.3 64	294000 
0.3 65	276000 
0.3 66	282000 
0.3 67	270000 
0.3 68	294000 
0.3 69	288000 
0.3 70	282000 
0.3 71	270000 
0.3 72	276000 
0.3 73	282000 
0.3 74	294000 
0.3 75	276000 
0.3 76	288000 
0.3 77	294000 
0.3 78	294000 
0.3 79	294000 
0.3 80	282000 
0.3 81	294000 
0.3 82	294000 
0.3 83	288000 
0.3 84	282000 
0.3 85	300000 
0.3 86	270000 
0.3 87	288000 
0.3 88	288000 
0.3 89	276000 
0.3 90	282000 
0.3 91	294000 
0.3 92	282000 
0.3 93	288000 
0.3 94	288000 
0.3 95	294000 
0.3 96	294000 
0.3 97	270000 
0.3 98	294000 
0.3 99	270000 
0.35 1	193600 
0.35 2	202400 
0.3 100	300000 
0.35 3	193600 
0.35 4	198000 
0.35 5	206800 
0.35 6	202400 
0.35 7	202400 
0.35 8	198000 
0.35 10	193600 
0.35 9	198000 
0.35 11	202400 
0.35 12	211200 
0.35 13	198000 
0.35 14	193600 
0.35 15	215600 
0.35 16	224400 
0.35 17	202400 
0.35 18	198000 
0.35 19	198000 
0.35 20	202400 
0.35 21	211200 
0.35 22	215600 
0.35 23	180400 
0.35 24	198000 
0.35 25	202400 
0.35 26	206800 
0.35 27	202400 
0.35 28	211200 
0.35 29	202400 
0.35 30	206800 
0.35 31	206800 
0.35 32	198000 
0.35 33	198000 
0.35 34	198000 
0.35 35	206800 
0.35 36	198000 
0.35 37	198000 
0.35 38	215600 
0.35 39	198000 
0.35 40	189200 
0.35 41	211200 
0.35 42	189200 
0.35 43	202400 
0.35 44	189200 
0.35 45	193600 
0.35 46	202400 
0.35 47	198000 
0.35 48	211200 
0.35 49	198000 
0.35 50	193600 
0.35 51	202400 
0.35 52	211200 
0.35 53	215600 
0.35 54	202400 
0.35 55	202400 
0.35 56	206800 
0.35 57	206800 
0.35 58	211200 
0.35 59	193600 
0.35 60	189200 
0.35 61	211200 
0.35 62	206800 
0.35 63	211200 
0.35 64	198000 
0.35 66	189200 
0.35 65	206800 
0.35 67	193600 
0.35 68	202400 
0.35 69	202400 
0.35 70	198000 
0.35 71	202400 
0.35 72	193600 
0.35 73	193600 
0.35 74	198000 
0.35 75	206800 
0.35 76	198000 
0.35 78	189200 
0.35 77	220000 
0.35 79	202400 
0.35 80	193600 
0.35 81	202400 
0.35 83	193600 
0.35 82	206800 
0.35 84	202400 
0.35 85	189200 
0.35 86	198000 
0.35 87	198000 
0.35 88	202400 
0.35 89	211200 
0.35 90	202400 
0.35 91	206800 
0.35 92	193600 
0.35 93	206800 
0.35 95	202400 
0.35 94	211200 
0.35 96	198000 
0.35 97	202400 
0.35 99	193600 
0.35 98	202400 
0.35 100	198000 
0.4 1	158400 
0.4 2	148500 
0.4 3	148500 
0.4 4	145200 
0.4 6	145200 
0.4 7	148500 
0.4 5	158400 
0.4 8	148500 
0.4 9	151800 
0.4 10	148500 
0.4 11	141900 
0.4 12	158400 
0.4 13	135300 
0.4 15	135300 
0.4 14	155100 
0.4 16	141900 
0.4 17	155100 
0.4 18	151800 
0.4 19	145200 
0.4 20	145200 
0.4 21	141900 
0.4 22	148500 
0.4 23	151800 
0.4 24	145200 
0.4 25	138600 
0.4 27	148500 
0.4 26	155100 
0.4 28	148500 
0.4 29	158400 
0.4 30	141900 
0.4 31	151800 
0.4 32	148500 
0.4 34	138600 
0.4 33	148500 
0.4 35	155100 
0.4 36	148500 
0.4 37	148500 
0.4 38	148500 
0.4 39	151800 
0.4 40	145200 
0.4 41	155100 
0.4 42	148500 
0.4 43	151800 
0.4 44	151800 
0.4 46	151800 
0.4 45	161700 
0.4 47	155100 
0.4 48	158400 
0.4 49	151800 
0.4 50	141900 
0.4 51	148500 
0.4 52	158400 
0.4 54	135300 
0.4 53	145200 
0.4 55	141900 
0.4 56	148500 
0.4 57	151800 
0.4 58	158400 
0.4 59	148500 
0.4 60	158400 
0.4 61	151800 
0.4 62	141900 
0.4 63	148500 
0.4 64	145200 
0.4 66	138600 
0.4 65	158400 
0.4 67	148500 
0.4 68	138600 
0.4 69	148500 
0.4 70	141900 
0.4 71	145200 
0.4 73	148500 
0.4 72	155100 
0.4 74	148500 
0.4 75	135300 
0.4 78	141900 
0.4 77	148500 
0.4 76	161700 
0.4 79	141900 
0.4 80	148500 
0.4 81	141900 
0.4 82	151800 
0.4 83	151800 
0.4 84	151800 
0.4 86	145200 
0.4 85	158400 
0.4 87	145200 
0.4 89	145200 
0.4 88	151800 
0.4 90	155100 
0.4 91	151800 
0.4 93	138600 
0.4 92	148500 
0.4 94	145200 
0.4 95	151800 
0.4 96	148500 
0.4 97	155100 
0.4 98	141900 
0.4 99	151800 
0.45 1	114400 
0.45 2	124800 
0.45 3	117000 
0.4 100	145200 
0.45 4	114400 
0.45 6	114400 
0.45 7	114400 
0.45 5	122200 
0.45 8	114400 
0.45 10	114400 
0.45 9	114400 
0.45 11	119600 
0.45 12	124800 
0.45 13	114400 
0.45 15	109200 
0.45 14	117000 
0.45 16	119600 
0.45 17	117000 
0.45 18	114400 
0.45 19	117000 
0.45 22	98800 
0.45 21	117000 
0.45 20	124800 
0.45 23	114400 
0.45 24	117000 
0.45 25	117000 
0.45 26	114400 
0.45 27	111800 
0.45 30	106600 
0.45 28	122200 
0.45 31	109200 
0.45 29	117000 
0.45 32	119600 
0.45 35	111800 
0.45 33	117000 
0.45 34	117000 
0.45 36	119600 
0.45 38	106600 
0.45 37	117000 
0.45 39	117000 
0.45 40	117000 
0.45 42	114400 
0.45 43	109200 
0.45 41	117000 
0.45 44	111800 
0.45 45	109200 
0.45 47	114400 
0.45 46	122200 
0.45 48	124800 
0.45 50	117000 
0.45 49	124800 
0.45 51	122200 
0.45 52	119600 
0.45 54	111800 
0.45 53	119600 
0.45 55	119600 
0.45 56	111800 
0.45 57	111800 
0.45 58	114400 
0.45 59	111800 
0.45 61	117000 
0.45 60	119600 
0.45 63	117000 
0.45 62	122200 
0.45 64	104000 
0.45 65	111800 
0.45 66	111800 
0.45 67	117000 
0.45 68	122200 
0.45 69	117000 
0.45 70	119600 
0.45 71	109200 
0.45 72	111800 
0.45 74	109200 
0.45 73	117000 
0.45 75	117000 
0.45 77	106600 
0.45 76	119600 
0.45 78	114400 
0.45 79	124800 
0.45 80	111800 
0.45 81	117000 
0.45 82	119600 
0.45 83	109200 
0.45 84	114400 
0.45 85	119600 
0.45 86	117000 
0.45 87	111800 
0.45 88	114400 
0.45 89	111800 
0.45 90	122200 
0.45 91	117000 
0.45 92	114400 
0.45 93	111800 
0.45 94	117000 
0.45 95	114400 
0.45 96	117000 
0.45 97	109200 
0.45 99	104000 
0.45 98	111800 
0.5 1	88200 
0.5 2	86100 
0.5 3	92400 
0.45 100	119600 
0.5 5	88200 
0.5 4	100800 
0.5 6	98700 
0.5 7	98700 
0.5 9	81900 
0.5 8	94500 
0.5 10	92400 
0.5 11	92400 
0.5 12	92400 
0.5 13	90300 
0.5 14	94500 
0.5 15	92400 
0.5 17	94500 
0.5 16	96600 
0.5 18	90300 
0.5 19	92400 
0.5 20	92400 
0.5 21	94500 
0.5 22	90300 
0.5 23	96600 
0.5 24	90300 
0.5 25	92400 
0.5 26	98700 
0.5 27	86100 
0.5 28	92400 
0.5 29	96600 
0.5 30	92400 
0.5 31	90300 
0.5 32	94500 
0.5 33	90300 
0.5 34	94500 
0.5 35	94500 
0.5 36	86100 
0.5 37	98700 
0.5 39	84000 
0.5 38	94500 
0.5 40	88200 
0.5 41	96600 
0.5 42	98700 
0.5 43	96600 
0.5 44	86100 
0.5 45	86100 
0.5 46	102900 
0.5 47	98700 
0.5 48	98700 
0.5 49	96600 
0.5 50	94500 
0.5 51	96600 
0.5 52	88200 
0.5 53	100800 
0.5 54	90300 
0.5 55	92400 
0.5 56	92400 
0.5 57	90300 
0.5 59	88200 
0.5 58	94500 
0.5 60	94500 
0.5 61	94500 
0.5 62	92400 
0.5 63	90300 
0.5 64	100800 
0.5 65	88200 
0.5 66	86100 
0.5 67	98700 
0.5 68	92400 
0.5 70	90300 
0.5 69	94500 
0.5 71	96600 
0.5 72	94500 
0.5 73	81900 
0.5 74	92400 
0.5 75	90300 
0.5 76	90300 
0.5 77	96600 
0.5 78	90300 
0.5 79	98700 
0.5 80	92400 
0.5 82	94500 
0.5 81	100800 
0.5 83	86100 
0.5 84	88200 
0.5 85	94500 
0.5 86	94500 
0.5 87	100800 
0.5 88	94500 
0.5 89	98700 
0.5 90	96600 
0.5 91	94500 
0.5 92	90300 
0.5 93	88200 
0.5 94	94500 
0.5 95	86100 
0.5 96	92400 
0.5 98	84000 
0.5 97	98700 
0.5 99	94500 
0.5 100	92400 
0.55 1	74800 
0.55 2	73100 
0.55 3	76500 
0.55 4	81600 
0.55 5	68000 
0.55 6	83300 
0.55 7	78200 
0.55 8	74800 
0.55 9	86700 
0.55 10	79900 
0.55 11	85000 
0.55 12	83300 
0.55 14	76500 
0.55 13	85000 
0.55 15	76500 
0.55 16	78200 
0.55 17	79900 
0.55 18	85000 
0.55 19	85000 
0.55 20	71400 
0.55 21	74800 
0.55 22	73100 
0.55 24	69700 
0.55 23	79900 
0.55 26	73100 
0.55 25	79900 
0.55 27	83300 
0.55 28	81600 
0.55 29	71400 
0.55 30	78200 
0.55 31	74800 
0.55 32	76500 
0.55 33	78200 
0.55 34	76500 
0.55 36	71400 
0.55 35	78200 
0.55 37	81600 
0.55 38	78200 
0.55 39	74800 
0.55 40	78200 
0.55 41	79900 
0.55 42	79900 
0.55 44	68000 
0.55 43	74800 
0.55 45	73100 
0.55 46	79900 
0.55 48	73100 
0.55 47	79900 
0.55 49	81600 
0.55 50	76500 
0.55 52	74800 
0.55 51	81600 
0.55 53	66300 
0.55 54	71400 
0.55 56	73100 
0.55 55	79900 
0.55 57	79900 
0.55 58	74800 
0.55 59	78200 
0.55 60	78200 
0.55 62	73100 
0.55 61	85000 
0.55 63	73100 
0.55 64	71400 
0.55 65	74800 
0.55 66	78200 
0.55 67	76500 
0.55 68	78200 
0.55 69	68000 
0.55 70	74800 
0.55 71	74800 
0.55 72	73100 
0.55 73	76500 
0.55 74	74800 
0.55 75	76500 
0.55 76	78200 
0.55 77	73100 
0.55 79	74800 
0.55 78	83300 
0.55 80	73100 
0.55 81	74800 
0.55 82	71400 
0.55 84	76500 
0.55 83	81600 
0.55 85	69700 
0.55 86	78200 
0.55 87	74800 
0.55 88	79900 
0.55 89	74800 
0.55 90	74800 
0.55 91	74800 
0.55 92	86700 
0.55 93	74800 
0.55 94	78200 
0.55 95	74800 
0.55 96	78200 
0.55 97	73100 
0.55 98	78200 
0.55 99	76500 
0.55 100	71400 
0.6 1	67500 
0.6 2	72000 
0.6 3	72000 
0.6 4	70500 
0.6 5	67500 
0.6 6	69000 
0.6 7	69000 
0.6 8	70500 
0.6 9	72000 
0.6 10	64500 
0.6 11	69000 
0.6 12	70500 
0.6 13	73500 
0.6 14	73500 
0.6 15	67500 
0.6 16	66000 
0.6 17	70500 
0.6 18	64500 
0.6 19	67500 
0.6 20	60000 
0.6 21	63000 
0.6 22	66000 
0.6 23	66000 
0.6 24	66000 
0.6 25	69000 
0.6 26	69000 
0.6 27	70500 
0.6 28	66000 
0.6 29	67500 
0.6 31	69000 
0.6 30	69000 
0.6 32	70500 
0.6 33	61500 
0.6 34	63000 
0.6 35	67500 
0.6 36	63000 
0.6 37	66000 
0.6 39	61500 
0.6 38	67500 
0.6 40	69000 
0.6 41	69000 
0.6 42	72000 
0.6 43	69000 
0.6 44	66000 
0.6 45	72000 
0.6 46	64500 
0.6 47	67500 
0.6 48	70500 
0.6 49	67500 
0.6 50	66000 
0.6 51	69000 
0.6 52	69000 
0.6 53	69000 
0.6 54	69000 
0.6 55	66000 
0.6 56	70500 
0.6 57	69000 
0.6 59	63000 
0.6 58	70500 
0.6 60	67500 
0.6 63	57000 
0.6 62	67500 
0.6 61	73500 
0.6 64	70500 
0.6 65	63000 
0.6 66	67500 
0.6 67	72000 
0.6 68	64500 
0.6 69	64500 
0.6 70	67500 
0.6 71	67500 
0.6 72	67500 
0.6 73	64500 
0.6 74	70500 
0.6 75	69000 
0.6 76	70500 
0.6 77	70500 
0.6 78	63000 
0.6 79	73500 
0.6 80	70500 
0.6 81	63000 
0.6 82	63000 
0.6 83	67500 
0.6 84	69000 
0.6 86	63000 
0.6 85	69000 
0.6 88	63000 
0.6 87	69000 
0.6 89	70500 
0.6 90	66000 
0.6 92	60000 
0.6 91	66000 
0.6 94	70500 
0.6 93	73500 
0.6 95	66000 
0.6 96	64500 
0.6 97	55500 
0.6 98	72000 
0.6 99	63000 
0.6 100	60000 
0.65 1	55200 
0.65 3	51600 
0.65 2	64800 
0.65 4	63600 
0.65 5	58800 
0.65 6	62400 
0.65 8	56400 
0.65 7	69600 
0.65 9	63600 
0.65 10	57600 
0.65 11	63600 
0.65 12	63600 
0.65 13	52800 
0.65 14	52800 
0.65 15	54000 
0.65 16	54000 
0.65 17	58800 
0.65 19	52800 
0.65 20	57600 
0.65 18	67200 
0.65 21	58800 
0.65 22	63600 
0.65 23	61200 
0.65 24	58800 
0.65 25	52800 
0.65 27	57600 
0.65 26	63600 
0.65 29	55200 
0.65 28	69600 
0.65 30	54000 
0.65 33	54000 
0.65 32	60000 
0.65 31	66000 
0.65 34	63600 
0.65 37	51600 
0.65 35	61200 
0.65 36	62400 
0.65 38	56400 
0.65 39	55200 
0.65 40	61200 
0.65 41	60000 
0.65 42	52800 
0.65 43	55200 
0.65 44	60000 
0.65 45	56400 
0.65 46	57600 
0.65 47	55200 
0.65 49	54000 
0.65 48	64800 
0.65 50	55200 
0.65 52	52800 
0.65 51	61200 
0.65 53	58800 
0.65 54	52800 
0.65 55	56400 
0.65 57	54000 
0.65 56	57600 
0.65 58	56400 
0.65 59	57600 
0.65 60	58800 
0.65 61	56400 
0.65 62	55200 
0.65 63	58800 
0.65 64	54000 
0.65 66	55200 
0.65 65	64800 
0.65 67	61200 
0.65 68	61200 
0.65 69	52800 
0.65 70	62400 
0.65 71	54000 
0.65 73	55200 
0.65 72	66000 
0.65 74	60000 
0.65 75	58800 
0.65 76	56400 
0.65 77	55200 
0.65 78	57600 
0.65 79	57600 
0.65 80	60000 
0.65 81	57600 
0.65 82	46800 
0.65 83	54000 
0.65 84	60000 
0.65 85	60000 
0.65 86	51600 
0.65 87	66000 
0.65 88	54000 
0.65 89	58800 
0.65 90	57600 
0.65 92	51600 
0.65 91	58800 
0.65 93	57600 
0.65 94	54000 
0.65 96	52800 
0.65 95	56400 
0.65 97	56400 
0.65 98	64800 
0.65 99	57600 
0.65 100	58800 
0.7 1	58300 
0.7 2	50600 
0.7 4	47300 
0.7 3	58300 
0.7 5	51700 
0.7 6	57200 
0.7 7	59400 
0.7 8	55000 
0.7 9	51700 
0.7 10	57200 
0.7 11	55000 
0.7 12	53900 
0.7 13	56100 
0.7 14	50600 
0.7 16	48400 
0.7 15	50600 
0.7 17	47300 
0.7 18	49500 
0.7 20	47300 
0.7 19	53900 
0.7 21	51700 
0.7 22	57200 
0.7 23	51700 
0.7 24	55000 
0.7 25	50600 
0.7 26	60500 
0.7 27	50600 
0.7 28	50600 
0.7 29	56100 
0.7 30	48400 
0.7 31	50600 
0.7 32	53900 
0.7 33	55000 
0.7 34	51700 
0.7 35	51700 
0.7 36	47300 
0.7 37	55000 
0.7 38	52800 
0.7 39	48400 
0.7 40	55000 
0.7 42	53900 
0.7 41	61600 
0.7 43	53900 
0.7 44	53900 
0.7 45	45100 
0.7 47	49500 
0.7 46	51700 
0.7 48	48400 
0.7 49	52800 
0.7 50	48400 
0.7 51	56100 
0.7 52	58300 
0.7 53	51700 
0.7 54	53900 
0.7 55	52800 
0.7 56	50600 
0.7 57	60500 
0.7 58	50600 
0.7 59	51700 
0.7 60	56100 
0.7 61	46200 
0.7 62	58300 
0.7 63	55000 
0.7 64	48400 
0.7 65	53900 
0.7 66	52800 
0.7 67	50600 
0.7 68	53900 
0.7 69	48400 
0.7 70	55000 
0.7 71	51700 
0.7 73	47300 
0.7 72	55000 
0.7 74	52800 
0.7 75	52800 
0.7 76	49500 
0.7 77	50600 
0.7 78	56100 
0.7 79	55000 
0.7 81	42900 
0.7 80	49500 
0.7 82	48400 
0.7 83	46200 
0.7 84	50600 
0.7 85	58300 
0.7 86	49500 
0.7 87	60500 
0.7 88	49500 
0.7 89	49500 
0.7 90	47300 
0.7 91	48400 
0.7 92	47300 
0.7 93	48400 
0.7 94	50600 
0.7 95	55000 
0.7 96	51700 
0.7 97	56100 
0.7 98	47300 
0.7 100	51700 
0.7 99	55000 
0.75 1	46800 
0.75 2	45000 
0.75 3	47700 
0.75 4	47700 
0.75 5	41400 
0.75 6	47700 
0.75 7	49500 
0.75 9	41400 
0.75 8	54000 
0.75 10	53100 
0.75 11	45000 
0.75 12	46800 
0.75 13	46800 
0.75 14	45000 
0.75 15	47700 
0.75 17	45000 
0.75 16	54000 
0.75 18	47700 
0.75 19	53100 
0.75 20	47700 
0.75 21	49500 
0.75 22	45900 
0.75 23	47700 
0.75 24	47700 
0.75 25	49500 
0.75 26	54900 
0.75 27	45900 
0.75 28	45000 
0.75 29	50400 
0.75 30	53100 
0.75 31	51300 
0.75 32	51300 
0.75 33	58500 
0.75 34	43200 
0.75 35	41400 
0.75 36	45000 
0.75 37	44100 
0.75 38	42300 
0.75 39	43200 
0.75 40	45900 
0.75 41	54000 
0.75 42	52200 
0.75 43	57600 
0.75 44	49500 
0.75 45	46800 
0.75 46	54000 
0.75 47	53100 
0.75 48	43200 
0.75 49	51300 
0.75 50	50400 
0.75 52	50400 
0.75 51	56700 
0.75 53	50400 
0.75 55	37800 
0.75 54	53100 
0.75 56	45000 
0.75 58	40500 
0.75 57	50400 
0.75 59	52200 
0.75 60	53100 
0.75 62	40500 
0.75 61	44100 
0.75 64	41400 
0.75 63	49500 
0.75 65	47700 
0.75 66	49500 
0.75 67	47700 
0.75 68	46800 
0.75 69	42300 
0.75 70	50400 
0.75 71	48600 
0.75 72	49500 
0.75 73	43200 
0.75 74	46800 
0.75 76	47700 
0.75 75	50400 
0.75 77	42300 
0.75 78	56700 
0.75 79	43200 
0.75 80	52200 
0.75 81	47700 
0.75 82	46800 
0.75 83	49500 
0.75 84	50400 
0.75 85	49500 
0.75 86	46800 
0.75 87	44100 
0.75 88	41400 
0.75 89	45900 
0.75 90	49500 
0.75 91	48600 
0.75 92	45900 
0.75 93	49500 
0.75 94	42300 
0.75 95	42300 
0.75 96	50400 
0.75 97	48600 
0.75 99	47700 
0.75 98	54900 
0.75 100	51300 
0.8 1	51200 
0.8 3	41600 
0.8 2	46400 
0.8 5	36000 
0.8 4	51200 
0.8 6	40800 
0.8 7	42400 
0.8 8	39200 
0.8 9	40800 
0.8 10	48800 
0.8 11	52800 
0.8 12	40800 
0.8 13	39200 
0.8 14	47200 
0.8 15	47200 
0.8 16	44000 
0.8 17	48000 
0.8 18	47200 
0.8 19	40000 
0.8 20	47200 
0.8 21	46400 
0.8 22	49600 
0.8 23	45600 
0.8 25	38400 
0.8 26	42400 
0.8 24	55200 
0.8 27	45600 
0.8 28	41600 
0.8 29	47200 
0.8 31	43200 
0.8 30	51200 
0.8 33	34400 
0.8 32	48000 
0.8 34	46400 
0.8 35	48800 
0.8 36	44000 
0.8 37	45600 
0.8 38	37600 
0.8 39	41600 
0.8 40	47200 
0.8 41	41600 
0.8 43	39200 
0.8 42	47200 
0.8 45	43200 
0.8 44	48000 
0.8 46	40000 
0.8 47	41600 
0.8 48	41600 
0.8 50	40800 
0.8 49	54400 
0.8 51	43200 
0.8 52	36800 
0.8 53	48000 
0.8 55	44800 
0.8 54	49600 
0.8 56	48000 
0.8 57	37600 
0.8 58	44000 
0.8 59	47200 
0.8 60	43200 
0.8 61	51200 
0.8 62	44800 
0.8 63	47200 
0.8 64	45600 
0.8 66	39200 
0.8 65	47200 
0.8 67	47200 
0.8 68	44800 
0.8 69	47200 
0.8 70	45600 
0.8 71	44000 
0.8 72	44800 
0.8 73	44800 
0.8 74	41600 
0.8 75	49600 
0.8 76	41600 
0.8 77	40000 
0.8 78	43200 
0.8 79	46400 
0.8 81	36800 
0.8 80	50400 
0.8 83	40800 
0.8 82	52800 
0.8 84	40800 
0.8 85	45600 
0.8 86	43200 
0.8 87	43200 
0.8 88	43200 
0.8 89	48000 
0.8 90	47200 
0.8 91	45600 
0.8 92	40800 
0.8 93	44000 
0.8 94	44800 
0.8 95	40800 
0.8 96	57600 
0.8 97	38400 
0.8 98	46400 
0.8 99	46400 
0.8 100	43200 
0.85 1	38500 
0.85 3	40600 
0.85 2	46200 
0.85 4	40600 
0.85 5	50400 
0.85 6	34300 
0.85 7	44800 
0.85 8	37100 
0.85 9	42700 
0.85 10	42700 
0.85 11	40600 
0.85 12	45500 
0.85 14	37100 
0.85 13	44100 
0.85 15	41300 
0.85 16	35700 
0.85 17	37800 
0.85 18	44100 
0.85 19	50400 
0.85 20	44800 
0.85 21	44100 
0.85 22	44800 
0.85 23	41300 
0.85 24	35700 
0.85 25	39200 
0.85 26	39900 
0.85 27	40600 
0.85 28	42000 
0.85 29	42000 
0.85 30	38500 
0.85 31	46900 
0.85 32	42700 
0.85 33	38500 
0.85 34	40600 
0.85 35	42700 
0.85 36	41300 
0.85 37	39200 
0.85 38	39200 
0.85 39	37100 
0.85 40	44100 
0.85 41	41300 
0.85 42	42000 
0.85 43	44800 
0.85 45	37800 
0.85 44	51800 
0.85 46	36400 
0.85 47	43400 
0.85 48	42000 
0.85 49	45500 
0.85 50	48300 
0.85 51	36400 
0.85 52	48300 
0.85 53	39900 
0.85 54	39900 
0.85 55	37800 
0.85 56	44100 
0.85 57	43400 
0.85 59	37800 
0.85 58	55300 
0.85 60	42700 
0.85 62	43400 
0.85 61	49700 
0.85 63	37800 
0.85 65	40600 
0.85 67	36400 
0.85 66	43400 
0.85 64	57400 
0.85 69	36400 
0.85 68	40600 
0.85 71	41300 
0.85 70	49000 
0.85 72	39900 
0.85 73	43400 
0.85 75	32200 
0.85 74	48300 
0.85 76	40600 
0.85 77	42700 
0.85 78	42700 
0.85 79	42000 
0.85 80	42700 
0.85 81	40600 
0.85 82	43400 
0.85 83	39900 
0.85 85	35700 
0.85 84	49000 
0.85 86	46200 
0.85 87	48300 
0.85 88	40600 
0.85 89	38500 
0.85 90	44800 
0.85 92	36400 
0.85 91	48300 
0.85 93	46900 
0.85 94	46900 
0.85 95	46200 
0.85 97	39900 
0.85 96	49000 
0.85 98	44800 
0.85 99	44100 
0.9 1	39000 
0.85 100	47600 
0.9 2	45000 
0.9 3	48600 
0.9 5	36000 
0.9 4	43200 
0.9 6	33600 
0.9 9	32400 
0.9 8	38400 
0.9 7	43800 
0.9 11	38400 
0.9 12	42600 
0.9 10	54600 
0.9 13	45000 
0.9 14	44400 
0.9 15	41400 
0.9 17	47400 
0.9 16	51600 
0.9 18	38400 
0.9 19	48600 
0.9 21	37200 
0.9 20	43800 
0.9 22	40200 
0.9 24	33000 
0.9 23	51000 
0.9 25	42000 
0.9 27	33000 
0.9 26	45600 
0.9 29	35400 
0.9 28	51600 
0.9 30	42000 
0.9 31	43800 
0.9 32	37800 
0.9 33	44400 
0.9 34	43200 
0.9 35	43800 
0.9 36	37800 
0.9 37	39600 
0.9 38	42600 
0.9 39	40800 
0.9 40	45000 
0.9 41	39600 
0.9 42	44400 
0.9 43	41400 
0.9 44	43800 
0.9 45	39000 
0.9 46	40800 
0.9 47	43200 
0.9 48	39600 
0.9 49	46800 
0.9 50	43200 
0.9 51	37200 
0.9 52	48000 
0.9 53	44400 
0.9 55	43200 
0.9 54	52800 
0.9 56	42000 
0.9 57	45000 
0.9 58	47400 
0.9 59	47400 
0.9 60	48600 
0.9 61	49800 
0.9 62	44400 
0.9 63	39600 
0.9 64	48600 
0.9 65	45600 
0.9 66	51000 
0.9 67	48000 
0.9 68	43800 
0.9 69	43200 
0.9 70	46200 
0.9 71	48600 
0.9 72	39000 
0.9 73	43200 
0.9 74	33600 
0.9 75	37200 
0.9 76	37800 
0.9 77	42000 
0.9 78	37800 
0.9 79	43200 
0.9 80	44400 
0.9 81	37800 
0.9 82	41400 
0.9 83	43800 
0.9 85	40200 
0.9 84	58800 
0.9 86	55200 
0.9 87	49200 
0.9 88	34200 
0.9 89	51600 
0.9 90	46200 
0.9 91	34800 
0.9 92	45000 
0.9 93	38400 
0.9 94	39000 
0.9 95	46200 
0.9 96	42600 
0.9 97	34200 
0.9 98	42600 
0.9 99	43800 
0.9 100	37800 
0.95 1	39600 
0.95 2	37800 
0.95 3	40200 
0.95 4	48000 
0.95 5	51000 
0.95 6	45600 
0.95 7	39000 
0.95 8	31200 
0.95 9	44400 
0.95 12	34200 
0.95 10	54000 
0.95 11	49200 
0.95 13	51000 
0.95 14	37200 
0.95 16	39600 
0.95 15	50400 
0.95 17	40800 
0.95 18	43800 
0.95 20	34200 
0.95 19	45000 
0.95 21	48000 
0.95 22	54600 
0.95 23	55800 
0.95 24	57000 
0.95 25	46800 
0.95 26	44400 
0.95 28	37800 
0.95 27	40200 
0.95 29	37800 
0.95 31	39000 
0.95 30	42000 
0.95 32	40800 
0.95 33	51600 
0.95 35	39000 
0.95 34	47400 
0.95 36	46800 
0.95 37	37800 
0.95 38	36000 
0.95 39	39600 
0.95 40	40200 
0.95 41	43200 
0.95 42	40200 
0.95 43	35400 
0.95 44	43200 
0.95 47	35400 
0.95 46	46200 
0.95 45	49200 
0.95 48	40200 
0.95 49	40800 
0.95 50	42600 
0.95 51	38400 
0.95 52	45600 
0.95 53	46800 
0.95 54	40800 
0.95 55	57000 
0.95 56	44400 
0.95 57	39600 
0.95 58	38400 
0.95 59	46200 
0.95 60	40800 
0.95 61	42000 
0.95 62	57600 
0.95 63	50400 
0.95 64	50400 
0.95 65	47400 
0.95 66	37800 
0.95 67	40200 
0.95 68	40200 
0.95 69	49200 
0.95 70	43200 
0.95 72	40200 
0.95 71	46200 
0.95 73	34800 
0.95 74	34800 
0.95 75	36000 
0.95 76	39600 
0.95 77	45000 
0.95 78	39000 
0.95 79	45600 
0.95 82	40800 
0.95 81	45600 
0.95 80	61200 
0.95 83	40800 
0.95 85	38400 
0.95 84	43800 
0.95 87	39600 
0.95 86	60600 
0.95 88	32400 
0.95 89	40200 
0.95 90	40200 
0.95 91	42600 
0.95 92	43800 
0.95 93	41400 
0.95 94	35400 
0.95 96	39000 
0.95 95	52200 
0.95 97	42600 
0.95 98	31200 
0.95 99	34800 
0.95 100	50400 
