0.05 2	17218080 
0.05 3	17361564 
0.05 1	17505048 
0.05 4	17648532 
0.05 6	17792016 
0.05 5	18078984 
0.05 7	18078984 
0.05 8	18365952 
0.05 10	17935500 
0.05 9	18078984 
0.05 11	18222468 
0.05 12	18222468 
0.05 14	17361564 
0.05 13	18222468 
0.05 15	17505048 
0.05 16	17648532 
0.05 19	16787628 
0.05 18	17648532 
0.05 17	18365952 
0.05 20	17935500 
0.05 23	17218080 
0.05 21	18365952 
0.05 22	18365952 
0.05 24	18509436 
0.05 25	17218080 
0.05 26	18222468 
0.05 28	16644144 
0.05 27	17935500 
0.05 29	17935500 
0.05 30	18222468 
0.05 32	17935500 
0.05 31	18652920 
0.05 33	17648532 
0.05 34	18078984 
0.05 35	17935500 
0.05 36	18078984 
0.05 37	18222468 
0.05 38	18365952 
0.05 40	17792016 
0.05 39	18365952 
0.05 41	18078984 
0.05 44	18078984 
0.05 42	18365952 
0.05 43	18222468 
0.05 45	17361564 
0.05 48	17361564 
0.05 46	17935500 
0.05 47	18365952 
0.05 49	17935500 
0.05 50	17792016 
0.05 51	18078984 
0.05 52	17792016 
0.05 53	17074596 
0.05 54	18365952 
0.05 56	18078984 
0.05 55	18365952 
0.05 57	18078984 
0.05 60	17074596 
0.05 58	18222468 
0.05 59	18222468 
0.05 61	18078984 
0.05 62	17505048 
0.05 63	17505048 
0.05 64	17361564 
0.05 65	17792016 
0.05 66	17935500 
0.05 67	17935500 
0.05 68	17935500 
0.05 69	17792016 
0.05 70	17505048 
0.05 71	18509436 
0.05 72	17935500 
0.05 73	18509436 
0.05 74	17218080 
0.05 76	17361564 
0.05 75	18078984 
0.05 77	18078984 
0.05 78	18365952 
0.05 79	17505048 
0.05 80	18222468 
0.05 81	17505048 
0.05 82	17935500 
0.05 83	17792016 
0.05 84	18365952 
0.05 85	17505048 
0.05 86	18365952 
0.05 87	17935500 
0.05 88	18078984 
0.05 89	18078984 
0.05 90	17074596 
0.05 91	18078984 
0.05 92	18222468 
0.05 93	17648532 
0.05 94	17792016 
0.05 95	18222468 
0.05 96	18222468 
0.05 97	18078984 
0.05 98	17218080 
0.1 1	2974554 
0.05 99	17792016 
0.1 2	2902878 
0.1 3	2902878 
0.1 4	2831202 
0.1 5	2795364 
0.05 100	18078984 
0.1 6	2902878 
0.1 7	2974554 
0.1 8	2687850 
0.1 9	3010392 
0.1 10	3010392 
0.1 11	2974554 
0.1 12	3010392 
0.1 13	2867040 
0.1 14	2831202 
0.1 15	3010392 
0.1 16	2902878 
0.1 17	2938716 
0.1 18	2938716 
0.1 19	2902878 
0.1 20	2974554 
0.1 21	2902878 
0.1 22	2902878 
0.1 23	2938716 
0.1 24	2902878 
0.1 25	2831202 
0.1 26	2938716 
0.1 28	2759526 
0.1 29	2831202 
0.1 27	3082068 
0.1 30	2902878 
0.1 31	2759526 
0.1 32	3010392 
0.1 33	2902878 
0.1 34	3046230 
0.1 35	2938716 
0.1 36	2938716 
0.1 37	3010392 
0.1 38	2902878 
0.1 39	2974554 
0.1 41	2795364 
0.1 40	2867040 
0.1 42	2938716 
0.1 43	2974554 
0.1 45	2867040 
0.1 44	2938716 
0.1 46	2831202 
0.1 47	2831202 
0.1 48	2831202 
0.1 49	2938716 
0.1 50	2723688 
0.1 52	2974554 
0.1 51	2974554 
0.1 53	2759526 
0.1 54	2867040 
0.1 55	2831202 
0.1 56	3010392 
0.1 57	3010392 
0.1 58	2902878 
0.1 59	2938716 
0.1 60	2831202 
0.1 61	2974554 
0.1 62	3010392 
0.1 63	2795364 
0.1 64	3010392 
0.1 65	2974554 
0.1 66	2831202 
0.1 67	2867040 
0.1 68	2867040 
0.1 69	2902878 
0.1 70	2867040 
0.1 71	2902878 
0.1 72	2938716 
0.1 73	2938716 
0.1 74	2795364 
0.1 75	2867040 
0.1 76	2867040 
0.1 77	2902878 
0.1 78	2902878 
0.1 79	2867040 
0.1 80	2759526 
0.1 81	2974554 
0.1 82	2867040 
0.1 83	2902878 
0.1 84	2867040 
0.1 85	3082068 
0.1 86	2938716 
0.1 87	2867040 
0.1 88	2974554 
0.1 89	2974554 
0.1 90	2795364 
0.1 91	2938716 
0.1 92	2902878 
0.1 93	2974554 
0.1 94	2867040 
0.1 95	2974554 
0.1 96	2974554 
0.1 97	2974554 
0.1 98	2723688 
0.15 1	1097514 
0.15 2	1049796 
0.1 99	3010392 
0.15 3	1065702 
0.1 100	2974554 
0.15 4	1033890 
0.15 5	1017984 
0.15 6	1049796 
0.15 7	1033890 
0.15 8	1065702 
0.15 9	1065702 
0.15 10	1049796 
0.15 11	986172 
0.15 12	986172 
0.15 13	1065702 
0.15 14	1017984 
0.15 15	1033890 
0.15 16	1017984 
0.15 17	1002078 
0.15 18	1002078 
0.15 19	970266 
0.15 20	1049796 
0.15 21	1017984 
0.15 22	1049796 
0.15 23	1049796 
0.15 24	1033890 
0.15 26	1017984 
0.15 25	1049796 
0.15 27	1002078 
0.15 28	1033890 
0.15 31	1017984 
0.15 29	1033890 
0.15 30	1049796 
0.15 32	1033890 
0.15 33	1017984 
0.15 34	1033890 
0.15 35	1065702 
0.15 36	1049796 
0.15 37	1033890 
0.15 38	1002078 
0.15 39	1017984 
0.15 40	1033890 
0.15 41	1033890 
0.15 42	1049796 
0.15 43	1097514 
0.15 44	1049796 
0.15 45	1017984 
0.15 46	1081608 
0.15 47	1033890 
0.15 48	986172 
0.15 49	1065702 
0.15 50	1002078 
0.15 51	1017984 
0.15 52	1033890 
0.15 53	1002078 
0.15 54	1017984 
0.15 55	1065702 
0.15 56	1049796 
0.15 57	1033890 
0.15 58	1017984 
0.15 59	1033890 
0.15 60	1049796 
0.15 61	1065702 
0.15 62	1017984 
0.15 63	1033890 
0.15 64	986172 
0.15 65	1017984 
0.15 66	1017984 
0.15 67	986172 
0.15 68	1017984 
0.15 69	1049796 
0.15 70	1017984 
0.15 71	1017984 
0.15 72	1002078 
0.15 74	1017984 
0.15 73	1017984 
0.15 75	1017984 
0.15 76	1049796 
0.15 78	1002078 
0.15 77	1049796 
0.15 79	1065702 
0.15 80	1017984 
0.15 81	1033890 
0.15 82	1065702 
0.15 83	1049796 
0.15 84	1002078 
0.15 85	1049796 
0.15 86	1049796 
0.15 87	1033890 
0.15 88	1065702 
0.15 89	1033890 
0.15 90	1049796 
0.15 91	986172 
0.15 92	1033890 
0.15 94	1002078 
0.15 93	1065702 
0.15 95	1065702 
0.15 96	1065702 
0.15 98	1017984 
0.15 97	1049796 
0.15 99	1033890 
0.2 1	516780 
0.2 2	516780 
0.2 3	525690 
0.15 100	1002078 
0.2 4	490050 
0.2 5	507870 
0.2 6	507870 
0.2 7	507870 
0.2 8	507870 
0.2 9	490050 
0.2 10	525690 
0.2 11	516780 
0.2 13	507870 
0.2 12	534600 
0.2 14	490050 
0.2 15	507870 
0.2 16	525690 
0.2 17	516780 
0.2 18	498960 
0.2 19	507870 
0.2 20	472230 
0.2 21	525690 
0.2 22	490050 
0.2 23	516780 
0.2 24	507870 
0.2 25	507870 
0.2 26	525690 
0.2 27	516780 
0.2 28	472230 
0.2 30	507870 
0.2 29	534600 
0.2 31	507870 
0.2 32	507870 
0.2 34	498960 
0.2 33	507870 
0.2 35	516780 
0.2 36	516780 
0.2 38	507870 
0.2 37	516780 
0.2 39	516780 
0.2 40	490050 
0.2 41	490050 
0.2 42	490050 
0.2 43	498960 
0.2 44	507870 
0.2 45	507870 
0.2 46	525690 
0.2 48	498960 
0.2 47	516780 
0.2 49	507870 
0.2 50	507870 
0.2 52	507870 
0.2 53	490050 
0.2 51	534600 
0.2 54	498960 
0.2 56	507870 
0.2 57	516780 
0.2 55	534600 
0.2 58	507870 
0.2 59	498960 
0.2 60	516780 
0.2 61	534600 
0.2 62	507870 
0.2 63	507870 
0.2 64	507870 
0.2 65	516780 
0.2 66	543510 
0.2 68	454410 
0.2 67	490050 
0.2 69	534600 
0.2 70	507870 
0.2 71	516780 
0.2 72	534600 
0.2 73	498960 
0.2 74	490050 
0.2 75	498960 
0.2 76	516780 
0.2 77	498960 
0.2 78	525690 
0.2 79	498960 
0.2 80	498960 
0.2 81	498960 
0.2 82	525690 
0.2 83	516780 
0.2 84	516780 
0.2 85	525690 
0.2 86	498960 
0.2 87	490050 
0.2 89	481140 
0.2 88	507870 
0.2 90	525690 
0.2 91	490050 
0.2 93	481140 
0.2 92	516780 
0.2 94	490050 
0.2 95	516780 
0.2 96	498960 
0.2 98	481140 
0.2 97	516780 
0.25 1	300828 
0.25 2	306504 
0.2 99	516780 
0.2 100	516780 
0.25 3	289476 
0.25 4	289476 
0.25 5	306504 
0.25 6	295152 
0.25 8	295152 
0.25 7	306504 
0.25 9	306504 
0.25 10	300828 
0.25 12	278124 
0.25 11	306504 
0.25 13	300828 
0.25 14	306504 
0.25 15	295152 
0.25 16	306504 
0.25 17	266772 
0.25 18	306504 
0.25 19	306504 
0.25 20	323532 
0.25 21	283800 
0.25 23	295152 
0.25 22	306504 
0.25 24	289476 
0.25 25	289476 
0.25 26	300828 
0.25 27	300828 
0.25 28	300828 
0.25 29	289476 
0.25 30	261096 
0.25 31	289476 
0.25 32	278124 
0.25 33	295152 
0.25 35	278124 
0.25 34	300828 
0.25 36	278124 
0.25 37	300828 
0.25 38	300828 
0.25 39	312180 
0.25 40	289476 
0.25 41	289476 
0.25 43	283800 
0.25 42	289476 
0.25 44	295152 
0.25 45	283800 
0.25 47	278124 
0.25 46	289476 
0.25 48	289476 
0.25 49	278124 
0.25 50	295152 
0.25 51	306504 
0.25 52	278124 
0.25 54	289476 
0.25 53	306504 
0.25 55	300828 
0.25 56	300828 
0.25 59	272448 
0.25 57	300828 
0.25 58	312180 
0.25 60	295152 
0.25 61	266772 
0.25 62	300828 
0.25 63	306504 
0.25 64	295152 
0.25 65	289476 
0.25 66	300828 
0.25 67	283800 
0.25 68	300828 
0.25 69	289476 
0.25 70	300828 
0.25 71	300828 
0.25 72	295152 
0.25 73	312180 
0.25 74	289476 
0.25 75	312180 
0.25 76	272448 
0.25 77	300828 
0.25 78	289476 
0.25 79	306504 
0.25 80	306504 
0.25 81	295152 
0.25 82	306504 
0.25 83	295152 
0.25 84	295152 
0.25 85	295152 
0.25 87	283800 
0.25 86	295152 
0.25 88	289476 
0.25 89	300828 
0.25 91	283800 
0.25 90	295152 
0.25 92	312180 
0.25 95	295152 
0.25 94	300828 
0.25 93	295152 
0.25 96	289476 
0.25 98	289476 
0.25 99	300828 
0.25 97	300828 
0.25 100	289476 
0.3 2	182160 
0.3 1	198000 
0.3 4	198000 
0.3 3	205920 
0.3 5	194040 
0.3 8	190080 
0.3 6	205920 
0.3 7	198000 
0.3 11	182160 
0.3 10	186120 
0.3 9	194040 
0.3 12	190080 
0.3 16	178200 
0.3 15	186120 
0.3 14	198000 
0.3 13	205920 
0.3 17	190080 
0.3 18	201960 
0.3 19	201960 
0.3 20	205920 
0.3 21	182160 
0.3 22	194040 
0.3 23	205920 
0.3 24	194040 
0.3 25	186120 
0.3 28	174240 
0.3 27	190080 
0.3 26	201960 
0.3 30	190080 
0.3 29	194040 
0.3 31	182160 
0.3 32	201960 
0.3 33	194040 
0.3 35	194040 
0.3 34	201960 
0.3 36	198000 
0.3 37	194040 
0.3 39	186120 
0.3 38	190080 
0.3 40	182160 
0.3 42	194040 
0.3 44	190080 
0.3 41	194040 
0.3 43	205920 
0.3 48	182160 
0.3 47	186120 
0.3 46	190080 
0.3 45	186120 
0.3 51	186120 
0.3 49	190080 
0.3 52	194040 
0.3 50	194040 
0.3 55	194040 
0.3 56	190080 
0.3 54	201960 
0.3 53	201960 
0.3 58	182160 
0.3 57	194040 
0.3 59	198000 
0.3 60	201960 
0.3 61	186120 
0.3 63	190080 
0.3 64	198000 
0.3 62	190080 
0.3 65	186120 
0.3 66	186120 
0.3 68	194040 
0.3 67	198000 
0.3 71	186120 
0.3 69	194040 
0.3 70	194040 
0.3 72	198000 
0.3 73	194040 
0.3 74	198000 
0.3 75	201960 
0.3 76	201960 
0.3 79	186120 
0.3 78	190080 
0.3 77	198000 
0.3 80	194040 
0.3 82	182160 
0.3 81	186120 
0.3 83	198000 
0.3 84	201960 
0.3 86	186120 
0.3 87	190080 
0.3 88	190080 
0.3 85	198000 
0.3 91	186120 
0.3 89	190080 
0.3 90	190080 
0.3 92	194040 
0.3 95	182160 
0.3 94	182160 
0.3 93	190080 
0.3 96	201960 
0.3 98	182160 
0.3 99	190080 
0.3 97	198000 
0.3 100	194040 
0.35 2	130680 
0.35 3	127776 
0.35 4	127776 
0.35 1	148104 
0.35 6	127776 
0.35 5	139392 
0.35 8	139392 
0.35 7	142296 
0.35 9	130680 
0.35 11	133584 
0.35 10	136488 
0.35 12	136488 
0.35 13	133584 
0.35 14	142296 
0.35 15	142296 
0.35 16	145200 
0.35 18	130680 
0.35 20	133584 
0.35 19	136488 
0.35 17	142296 
0.35 23	121968 
0.35 24	130680 
0.35 21	136488 
0.35 22	139392 
0.35 27	133584 
0.35 25	142296 
0.35 28	133584 
0.35 26	142296 
0.35 31	139392 
0.35 29	139392 
0.35 32	142296 
0.35 30	148104 
0.35 34	124872 
0.35 33	127776 
0.35 35	130680 
0.35 36	139392 
0.35 38	130680 
0.35 40	127776 
0.35 39	133584 
0.35 37	136488 
0.35 43	133584 
0.35 44	133584 
0.35 42	139392 
0.35 41	139392 
0.35 46	130680 
0.35 47	133584 
0.35 48	139392 
0.35 45	142296 
0.35 51	130680 
0.35 49	145200 
0.35 52	136488 
0.35 50	145200 
0.35 53	127776 
0.35 54	133584 
0.35 55	133584 
0.35 56	139392 
0.35 57	130680 
0.35 59	133584 
0.35 60	133584 
0.35 58	139392 
0.35 63	130680 
0.35 62	136488 
0.35 61	133584 
0.35 64	145200 
0.35 67	127776 
0.35 65	130680 
0.35 66	142296 
0.35 68	136488 
0.35 71	124872 
0.35 69	133584 
0.35 70	133584 
0.35 72	136488 
0.35 75	133584 
0.35 73	133584 
0.35 76	139392 
0.35 74	136488 
0.35 77	130680 
0.35 79	136488 
0.35 78	145200 
0.35 80	145200 
0.35 82	127776 
0.35 84	136488 
0.35 81	133584 
0.35 83	145200 
0.35 88	133584 
0.35 85	139392 
0.35 87	145200 
0.35 86	148104 
0.35 91	133584 
0.35 89	127776 
0.35 90	136488 
0.35 92	142296 
0.35 95	136488 
0.35 96	133584 
0.35 94	133584 
0.35 93	142296 
0.35 98	133584 
0.35 97	136488 
0.35 99	136488 
0.35 100	136488 
0.4 2	100188 
0.4 4	98010 
0.4 1	102366 
0.4 3	106722 
0.4 6	98010 
0.4 8	98010 
0.4 7	104544 
0.4 5	100188 
0.4 11	98010 
0.4 10	102366 
0.4 9	104544 
0.4 12	100188 
0.4 16	93654 
0.4 14	98010 
0.4 15	104544 
0.4 13	106722 
0.4 19	93654 
0.4 18	98010 
0.4 17	104544 
0.4 20	100188 
0.4 24	93654 
0.4 23	98010 
0.4 22	100188 
0.4 21	100188 
0.4 25	98010 
0.4 26	100188 
0.4 27	102366 
0.4 28	100188 
0.4 30	95832 
0.4 32	95832 
0.4 29	102366 
0.4 31	104544 
0.4 35	91476 
0.4 33	95832 
0.4 34	100188 
0.4 36	98010 
0.4 37	98010 
0.4 38	100188 
0.4 39	100188 
0.4 40	104544 
0.4 41	95832 
0.4 42	98010 
0.4 44	100188 
0.4 43	104544 
0.4 45	102366 
0.4 47	102366 
0.4 48	100188 
0.4 46	104544 
0.4 49	98010 
0.4 50	102366 
0.4 51	106722 
0.4 52	108900 
0.4 54	95832 
0.4 53	100188 
0.4 55	106722 
0.4 56	100188 
0.4 57	95832 
0.4 58	100188 
0.4 59	93654 
0.4 60	108900 
0.4 61	95832 
0.4 63	91476 
0.4 62	100188 
0.4 64	106722 
0.4 65	104544 
0.4 66	100188 
0.4 67	106722 
0.4 68	89298 
0.4 71	93654 
0.4 70	102366 
0.4 69	111078 
0.4 72	100188 
0.4 73	98010 
0.4 74	98010 
0.4 75	100188 
0.4 76	104544 
0.4 77	102366 
0.4 78	102366 
0.4 79	104544 
0.4 82	100188 
0.4 83	100188 
0.4 81	104544 
0.4 80	106722 
0.4 85	93654 
0.4 86	100188 
0.4 84	104544 
0.4 87	102366 
0.4 88	100188 
0.4 89	104544 
0.4 90	102366 
0.4 91	113256 
0.4 92	98010 
0.4 94	100188 
0.4 93	102366 
0.4 95	98010 
0.4 96	106722 
0.4 97	102366 
0.4 98	104544 
0.4 99	104544 
0.45 1	73788 
0.45 3	68640 
0.45 2	87516 
0.4 100	100188 
0.45 4	77220 
0.45 5	84084 
0.45 6	80652 
0.45 7	80652 
0.45 9	77220 
0.45 8	80652 
0.45 10	82368 
0.45 11	80652 
0.45 12	72072 
0.45 13	78936 
0.45 14	85800 
0.45 15	82368 
0.45 16	78936 
0.45 17	78936 
0.45 18	72072 
0.45 19	77220 
0.45 20	77220 
0.45 21	80652 
0.45 22	73788 
0.45 23	78936 
0.45 25	75504 
0.45 26	77220 
0.45 24	89232 
0.45 27	73788 
0.45 28	80652 
0.45 29	80652 
0.45 30	78936 
0.45 31	84084 
0.45 33	73788 
0.45 34	75504 
0.45 32	82368 
0.45 35	77220 
0.45 37	77220 
0.45 38	78936 
0.45 36	80652 
0.45 39	82368 
0.45 40	84084 
0.45 41	84084 
0.45 42	80652 
0.45 43	77220 
0.45 45	77220 
0.45 46	78936 
0.45 44	84084 
0.45 47	80652 
0.45 48	72072 
0.45 50	75504 
0.45 49	77220 
0.45 51	80652 
0.45 52	75504 
0.45 53	77220 
0.45 54	78936 
0.45 55	65208 
0.45 56	77220 
0.45 58	72072 
0.45 57	75504 
0.45 59	80652 
0.45 60	73788 
0.45 62	80652 
0.45 61	78936 
0.45 63	77220 
0.45 64	73788 
0.45 66	73788 
0.45 67	68640 
0.45 65	82368 
0.45 68	70356 
0.45 70	75504 
0.45 71	84084 
0.45 69	87516 
0.45 73	84084 
0.45 74	72072 
0.45 72	75504 
0.45 75	85800 
0.45 77	78936 
0.45 76	82368 
0.45 79	77220 
0.45 78	87516 
0.45 82	77220 
0.45 83	75504 
0.45 81	77220 
0.45 80	75504 
0.45 86	73788 
0.45 85	80652 
0.45 84	80652 
0.45 87	75504 
0.45 91	73788 
0.45 88	80652 
0.45 90	85800 
0.45 89	82368 
0.45 94	82368 
0.45 93	77220 
0.45 95	82368 
0.45 92	85800 
0.45 96	72072 
0.45 97	75504 
0.45 98	78936 
0.45 99	82368 
0.5 1	59598 
0.5 2	63756 
0.5 3	65142 
0.45 100	80652 
0.5 4	59598 
0.5 5	66528 
0.5 6	63756 
0.5 7	63756 
0.5 8	66528 
0.5 10	58212 
0.5 9	66528 
0.5 11	74844 
0.5 14	62370 
0.5 13	63756 
0.5 12	66528 
0.5 15	62370 
0.5 16	63756 
0.5 17	66528 
0.5 18	72072 
0.5 20	62370 
0.5 19	63756 
0.5 21	70686 
0.5 22	69300 
0.5 24	63756 
0.5 23	67914 
0.5 25	65142 
0.5 26	65142 
0.5 28	63756 
0.5 27	67914 
0.5 29	65142 
0.5 30	65142 
0.5 31	54054 
0.5 33	60984 
0.5 34	62370 
0.5 32	66528 
0.5 36	58212 
0.5 35	65142 
0.5 38	58212 
0.5 37	66528 
0.5 39	55440 
0.5 40	65142 
0.5 42	63756 
0.5 41	66528 
0.5 45	60984 
0.5 43	62370 
0.5 46	59598 
0.5 44	63756 
0.5 48	63756 
0.5 47	65142 
0.5 50	63756 
0.5 49	65142 
0.5 53	58212 
0.5 54	59598 
0.5 52	65142 
0.5 51	63756 
0.5 58	56826 
0.5 57	62370 
0.5 56	63756 
0.5 55	65142 
0.5 59	66528 
0.5 60	66528 
0.5 62	69300 
0.5 61	76230 
0.5 65	58212 
0.5 63	65142 
0.5 64	65142 
0.5 66	67914 
0.5 67	60984 
0.5 68	59598 
0.5 69	65142 
0.5 70	65142 
0.5 71	60984 
0.5 72	67914 
0.5 73	67914 
0.5 74	65142 
0.5 75	58212 
0.5 76	62370 
0.5 77	62370 
0.5 78	60984 
0.5 79	62370 
0.5 80	67914 
0.5 81	66528 
0.5 82	66528 
0.5 83	67914 
0.5 84	72072 
0.5 85	60984 
0.5 86	63756 
0.5 87	62370 
0.5 88	62370 
0.5 89	62370 
0.5 90	65142 
0.5 91	63756 
0.5 93	66528 
0.5 92	67914 
0.5 94	66528 
0.5 95	66528 
0.5 97	59598 
0.5 96	67914 
0.5 99	59598 
0.5 98	67914 
0.55 1	58344 
0.5 100	60984 
0.55 2	57222 
0.55 3	52734 
0.55 4	54978 
0.55 5	53856 
0.55 6	54978 
0.55 7	52734 
0.55 8	49368 
0.55 10	51612 
0.55 9	59466 
0.55 11	59466 
0.55 12	50490 
0.55 13	53856 
0.55 15	49368 
0.55 14	58344 
0.55 16	51612 
0.55 18	51612 
0.55 17	57222 
0.55 19	53856 
0.55 20	48246 
0.55 22	59466 
0.55 21	60588 
0.55 23	52734 
0.55 24	52734 
0.55 25	51612 
0.55 27	52734 
0.55 26	54978 
0.55 28	54978 
0.55 30	49368 
0.55 31	51612 
0.55 29	60588 
0.55 32	54978 
0.55 33	53856 
0.55 34	53856 
0.55 35	65076 
0.55 36	52734 
0.55 37	54978 
0.55 38	46002 
0.55 39	53856 
0.55 40	50490 
0.55 41	48246 
0.55 42	65076 
0.55 43	52734 
0.55 44	58344 
0.55 45	48246 
0.55 46	44880 
0.55 47	56100 
0.55 48	51612 
0.55 49	51612 
0.55 50	56100 
0.55 51	51612 
0.55 52	52734 
0.55 53	51612 
0.55 54	44880 
0.55 55	52734 
0.55 56	51612 
0.55 57	50490 
0.55 58	50490 
0.55 61	49368 
0.55 59	56100 
0.55 60	54978 
0.55 62	51612 
0.55 64	52734 
0.55 65	53856 
0.55 63	57222 
0.55 66	48246 
0.55 69	46002 
0.55 67	52734 
0.55 68	58344 
0.55 70	50490 
0.55 71	53856 
0.55 72	51612 
0.55 73	53856 
0.55 74	48246 
0.55 75	53856 
0.55 77	49368 
0.55 76	57222 
0.55 78	53856 
0.55 79	50490 
0.55 80	52734 
0.55 81	51612 
0.55 82	52734 
0.55 83	52734 
0.55 84	51612 
0.55 85	50490 
0.55 86	56100 
0.55 87	58344 
0.55 89	51612 
0.55 88	52734 
0.55 90	50490 
0.55 92	49368 
0.55 91	53856 
0.55 93	53856 
0.55 97	46002 
0.55 96	51612 
0.55 95	51612 
0.55 94	51612 
0.6 1	43560 
0.55 99	52734 
0.55 98	56100 
0.55 100	54978 
0.6 4	45540 
0.6 3	48510 
0.6 5	47520 
0.6 2	52470 
0.6 6	39600 
0.6 7	46530 
0.6 8	49500 
0.6 9	48510 
0.6 10	45540 
0.6 12	43560 
0.6 11	47520 
0.6 13	48510 
0.6 14	40590 
0.6 16	44550 
0.6 15	52470 
0.6 17	42570 
0.6 19	43560 
0.6 18	52470 
0.6 20	49500 
0.6 21	53460 
0.6 23	46530 
0.6 22	49500 
0.6 24	47520 
0.6 27	39600 
0.6 25	46530 
0.6 26	44550 
0.6 28	50490 
0.6 29	45540 
0.6 30	47520 
0.6 31	46530 
0.6 33	46530 
0.6 32	53460 
0.6 34	52470 
0.6 35	51480 
0.6 36	43560 
0.6 39	42570 
0.6 37	45540 
0.6 38	51480 
0.6 40	52470 
0.6 42	41580 
0.6 41	47520 
0.6 43	54450 
0.6 46	41580 
0.6 45	50490 
0.6 44	50490 
0.6 49	47520 
0.6 50	47520 
0.6 48	52470 
0.6 47	48510 
0.6 51	50490 
0.6 53	47520 
0.6 52	47520 
0.6 54	56430 
0.6 56	38610 
0.6 55	54450 
0.6 57	46530 
0.6 58	44550 
0.6 60	43560 
0.6 59	52470 
0.6 61	42570 
0.6 62	45540 
0.6 63	42570 
0.6 64	47520 
0.6 65	47520 
0.6 66	49500 
0.6 68	44550 
0.6 67	48510 
0.6 69	50490 
0.6 70	46530 
0.6 71	45540 
0.6 72	47520 
0.6 73	51480 
0.6 74	54450 
0.6 75	46530 
0.6 76	47520 
0.6 77	47520 
0.6 78	45540 
0.6 79	46530 
0.6 80	46530 
0.6 82	45540 
0.6 81	50490 
0.6 83	44550 
0.6 84	45540 
0.6 85	52470 
0.6 86	48510 
0.6 87	47520 
0.6 88	43560 
0.6 89	44550 
0.6 90	49500 
0.6 91	47520 
0.6 92	47520 
0.6 93	44550 
0.6 94	48510 
0.6 95	48510 
0.6 96	45540 
0.6 97	45540 
0.6 98	45540 
0.6 99	50490 
0.6 100	48510 
0.65 1	45144 
0.65 2	38808 
0.65 3	38016 
0.65 4	40392 
0.65 5	39600 
0.65 6	39600 
0.65 7	31680 
0.65 8	38808 
0.65 9	39600 
0.65 10	38016 
0.65 11	41976 
0.65 13	33264 
0.65 12	45144 
0.65 14	42768 
0.65 15	38808 
0.65 17	40392 
0.65 16	49896 
0.65 18	39600 
0.65 19	39600 
0.65 20	40392 
0.65 21	44352 
0.65 22	41976 
0.65 23	36432 
0.65 24	35640 
0.65 25	35640 
0.65 26	38808 
0.65 27	46728 
0.65 29	38016 
0.65 28	45144 
0.65 30	43560 
0.65 31	37224 
0.65 32	38016 
0.65 33	42768 
0.65 34	36432 
0.65 35	42768 
0.65 36	41184 
0.65 37	42768 
0.65 38	41976 
0.65 39	38016 
0.65 40	38016 
0.65 41	44352 
0.65 42	42768 
0.65 43	52272 
0.65 44	38808 
0.65 46	37224 
0.65 45	39600 
0.65 47	38808 
0.65 48	41976 
0.65 49	40392 
0.65 51	34056 
0.65 50	41976 
0.65 52	38016 
0.65 54	38016 
0.65 53	43560 
0.65 55	41184 
0.65 56	40392 
0.65 58	38808 
0.65 59	38808 
0.65 57	44352 
0.65 60	38016 
0.65 62	36432 
0.65 61	41184 
0.65 63	42768 
0.65 64	37224 
0.65 65	39600 
0.65 66	37224 
0.65 67	41184 
0.65 69	35640 
0.65 68	41184 
0.65 70	41184 
0.65 71	46728 
0.65 73	38016 
0.65 72	42768 
0.65 74	43560 
0.65 77	34848 
0.65 75	40392 
0.65 76	43560 
0.65 78	38808 
0.65 79	42768 
0.65 80	40392 
0.65 82	37224 
0.65 81	43560 
0.65 84	41184 
0.65 83	43560 
0.65 85	38808 
0.65 86	38016 
0.65 87	35640 
0.65 89	41976 
0.65 88	42768 
0.65 90	39600 
0.65 91	38808 
0.65 92	43560 
0.65 94	41184 
0.65 93	43560 
0.65 95	39600 
0.65 96	38016 
0.65 97	42768 
0.65 98	39600 
0.65 99	38016 
0.65 100	42768 
0.7 1	33396 
0.7 2	31944 
0.7 3	32670 
0.7 5	37026 
0.7 6	34848 
0.7 4	37026 
0.7 7	39204 
0.7 9	40656 
0.7 8	39930 
0.7 10	39930 
0.7 12	36300 
0.7 11	49368 
0.7 14	37752 
0.7 13	41382 
0.7 16	32670 
0.7 17	38478 
0.7 15	42834 
0.7 18	37026 
0.7 19	38478 
0.7 20	40656 
0.7 21	40656 
0.7 22	37026 
0.7 23	37026 
0.7 25	33396 
0.7 24	42834 
0.7 26	41382 
0.7 28	31944 
0.7 27	45012 
0.7 29	39204 
0.7 30	46464 
0.7 31	37026 
0.7 32	38478 
0.7 33	39204 
0.7 35	35574 
0.7 34	41382 
0.7 36	37752 
0.7 37	35574 
0.7 39	38478 
0.7 40	39204 
0.7 38	45012 
0.7 42	35574 
0.7 41	41382 
0.7 43	38478 
0.7 44	37752 
0.7 45	37752 
0.7 46	39204 
0.7 47	45012 
0.7 48	50820 
0.7 49	34122 
0.7 50	37026 
0.7 51	32670 
0.7 52	37752 
0.7 54	35574 
0.7 53	40656 
0.7 55	39204 
0.7 56	32670 
0.7 57	34848 
0.7 58	34122 
0.7 59	33396 
0.7 61	31218 
0.7 60	36300 
0.7 62	35574 
0.7 63	42108 
0.7 64	34848 
0.7 66	31944 
0.7 65	36300 
0.7 67	41382 
0.7 69	37752 
0.7 70	32670 
0.7 68	39930 
0.7 71	35574 
0.7 72	41382 
0.7 74	37026 
0.7 73	39204 
0.7 76	37026 
0.7 75	39930 
0.7 77	42108 
0.7 78	42108 
0.7 79	32670 
0.7 81	37026 
0.7 80	42108 
0.7 82	37026 
0.7 83	34848 
0.7 85	39204 
0.7 84	47916 
0.7 86	33396 
0.7 87	34848 
0.7 88	30492 
0.7 90	42834 
0.7 89	42108 
0.7 91	37026 
0.7 92	39930 
0.7 94	38478 
0.7 93	42834 
0.7 95	43560 
0.7 97	29766 
0.7 96	38478 
0.7 98	35574 
0.7 99	37752 
0.7 100	39930 
0.75 2	33264 
0.75 1	41580 
0.75 4	31482 
0.75 3	41580 
0.75 5	38610 
0.75 6	35640 
0.75 7	30888 
0.75 8	37422 
0.75 10	27918 
0.75 9	38016 
0.75 13	33858 
0.75 12	36234 
0.75 14	38610 
0.75 11	36828 
0.75 16	30888 
0.75 15	34452 
0.75 17	40986 
0.75 18	40392 
0.75 19	35046 
0.75 20	36234 
0.75 21	32076 
0.75 22	35046 
0.75 23	32670 
0.75 25	33858 
0.75 26	32670 
0.75 24	38016 
0.75 27	38610 
0.75 28	35046 
0.75 29	35640 
0.75 30	31482 
0.75 31	36828 
0.75 33	35640 
0.75 32	40986 
0.75 34	41580 
0.75 36	33858 
0.75 37	32076 
0.75 35	34452 
0.75 38	30294 
0.75 39	39798 
0.75 41	38016 
0.75 40	40392 
0.75 42	32076 
0.75 44	36828 
0.75 43	42174 
0.75 45	40986 
0.75 46	39204 
0.75 47	27918 
0.75 49	34452 
0.75 50	38016 
0.75 48	43362 
0.75 51	35640 
0.75 52	35640 
0.75 53	35046 
0.75 54	33264 
0.75 55	30294 
0.75 57	30888 
0.75 56	38610 
0.75 58	37422 
0.75 60	37422 
0.75 59	38016 
0.75 61	39204 
0.75 64	33858 
0.75 63	36828 
0.75 65	38016 
0.75 62	41580 
0.75 66	31482 
0.75 67	33858 
0.75 68	31482 
0.75 69	29700 
0.75 72	32076 
0.75 71	38610 
0.75 70	40392 
0.75 73	39204 
0.75 74	35046 
0.75 75	36828 
0.75 77	32670 
0.75 79	32670 
0.75 80	30294 
0.75 76	42174 
0.75 78	42174 
0.75 81	34452 
0.75 82	36828 
0.75 83	36234 
0.75 84	33858 
0.75 85	32670 
0.75 86	34452 
0.75 88	27324 
0.75 87	35640 
0.75 89	38610 
0.75 90	35046 
0.75 92	38016 
0.75 91	43362 
0.75 94	30294 
0.75 93	33858 
0.75 96	33264 
0.75 95	38016 
0.75 97	30888 
0.75 98	36828 
0.8 1	24816 
0.75 100	31482 
0.75 99	39798 
0.8 2	40128 
0.8 3	32736 
0.8 4	33792 
0.8 5	31680 
0.8 6	26928 
0.8 7	28512 
0.8 8	30096 
0.8 10	33792 
0.8 9	40128 
0.8 11	32208 
0.8 12	34848 
0.8 13	34848 
0.8 14	43296 
0.8 15	31680 
0.8 16	29040 
0.8 17	33264 
0.8 18	32208 
0.8 19	35376 
0.8 20	35904 
0.8 21	36432 
0.8 22	30096 
0.8 23	27984 
0.8 24	31152 
0.8 26	28512 
0.8 27	35376 
0.8 28	32208 
0.8 29	29568 
0.8 25	50160 
0.8 31	29040 
0.8 30	34848 
0.8 32	35376 
0.8 35	27456 
0.8 33	35904 
0.8 34	42240 
0.8 38	30624 
0.8 39	25872 
0.8 37	34320 
0.8 36	33792 
0.8 43	27456 
0.8 42	32208 
0.8 40	35376 
0.8 41	39600 
0.8 44	29040 
0.8 45	30096 
0.8 47	31680 
0.8 46	35904 
0.8 49	25344 
0.8 50	29568 
0.8 51	35904 
0.8 48	41184 
0.8 52	28512 
0.8 53	32208 
0.8 54	37488 
0.8 56	35376 
0.8 55	39072 
0.8 57	27456 
0.8 58	31152 
0.8 59	37488 
0.8 60	31680 
0.8 61	35376 
0.8 64	27456 
0.8 65	23232 
0.8 62	34848 
0.8 63	43296 
0.8 66	31152 
0.8 67	34320 
0.8 68	35376 
0.8 69	34320 
0.8 70	30624 
0.8 71	34848 
0.8 72	40128 
0.8 73	46992 
0.8 75	28512 
0.8 74	36432 
0.8 76	35904 
0.8 77	34320 
0.8 78	29568 
0.8 79	28512 
0.8 80	29040 
0.8 81	31152 
0.8 82	34848 
0.8 83	35904 
0.8 84	36960 
0.8 85	30624 
0.8 86	34320 
0.8 87	34848 
0.8 89	26928 
0.8 88	40128 
0.8 90	29040 
0.8 91	32736 
0.8 92	32736 
0.8 94	30624 
0.8 93	31152 
0.8 95	33792 
0.8 96	32736 
0.8 97	33792 
0.8 98	32208 
0.8 99	26400 
0.85 1	29568 
0.85 2	41118 
0.8 100	43824 
0.85 3	38808 
0.85 4	27258 
0.85 6	33264 
0.85 7	26334 
0.85 5	40194 
0.85 8	30492 
0.85 10	31416 
0.85 9	30492 
0.85 12	36960 
0.85 11	35574 
0.85 13	32802 
0.85 14	34650 
0.85 15	30954 
0.85 16	33264 
0.85 19	22176 
0.85 17	35112 
0.85 18	40656 
0.85 20	40656 
0.85 24	22176 
0.85 23	33726 
0.85 22	38346 
0.85 21	40194 
0.85 25	30492 
0.85 26	32802 
0.85 27	33264 
0.85 28	36498 
0.85 30	27258 
0.85 29	28644 
0.85 31	29106 
0.85 32	31878 
0.85 34	29568 
0.85 35	31878 
0.85 33	35112 
0.85 36	30954 
0.85 38	27258 
0.85 39	28644 
0.85 37	36498 
0.85 41	30030 
0.85 43	36498 
0.85 42	33264 
0.85 40	32802 
0.85 44	30954 
0.85 47	31416 
0.85 46	30030 
0.85 45	36036 
0.85 48	24486 
0.85 52	31416 
0.85 50	37884 
0.85 51	36960 
0.85 49	35112 
0.85 53	33726 
0.85 55	37884 
0.85 56	36960 
0.85 54	35574 
0.85 58	35574 
0.85 57	34188 
0.85 60	40194 
0.85 59	42966 
0.85 61	28644 
0.85 63	27720 
0.85 62	31878 
0.85 64	39270 
0.85 65	30030 
0.85 67	27720 
0.85 66	36036 
0.85 68	30492 
0.85 69	24024 
0.85 70	38808 
0.85 71	40656 
0.85 72	25872 
0.85 73	36036 
0.85 74	28182 
0.85 76	26796 
0.85 75	36036 
0.85 77	27720 
0.85 78	32340 
0.85 79	34188 
0.85 80	36960 
0.85 81	24948 
0.85 82	30030 
0.85 83	32340 
0.85 85	28182 
0.85 84	33264 
0.85 86	34650 
0.85 88	28182 
0.85 87	36498 
0.85 90	29568 
0.85 89	36498 
0.85 93	32340 
0.85 91	36960 
0.85 94	36960 
0.85 92	40194 
0.85 95	38346 
0.85 98	30954 
0.85 96	38346 
0.85 99	36498 
0.85 97	42042 
0.9 2	27720 
0.85 100	36498 
0.9 3	29700 
0.9 1	40788 
0.9 4	37224 
0.9 5	36036 
0.9 6	31680 
0.9 7	31680 
0.9 8	29304 
0.9 10	29304 
0.9 12	39600 
0.9 11	36432 
0.9 13	30492 
0.9 9	44352 
0.9 17	28512 
0.9 15	32472 
0.9 16	31284 
0.9 14	32868 
0.9 20	27324 
0.9 19	27720 
0.9 21	30096 
0.9 23	26532 
0.9 22	28908 
0.9 18	42768 
0.9 25	26928 
0.9 26	28512 
0.9 27	29304 
0.9 28	25740 
0.9 30	30888 
0.9 29	32868 
0.9 24	33264 
0.9 31	26928 
0.9 33	34452 
0.9 32	40392 
0.9 34	41580 
0.9 36	29700 
0.9 35	36432 
0.9 37	39600 
0.9 38	34452 
0.9 39	34452 
0.9 40	27720 
0.9 41	36036 
0.9 43	34452 
0.9 42	41184 
0.9 44	39996 
0.9 45	30888 
0.9 46	22572 
0.9 47	31284 
0.9 49	28908 
0.9 48	36828 
0.9 50	38016 
0.9 51	32472 
0.9 52	28908 
0.9 53	25740 
0.9 55	32076 
0.9 57	28116 
0.9 56	32076 
0.9 54	38016 
0.9 58	29700 
0.9 59	39600 
0.9 60	34056 
0.9 61	33264 
0.9 62	32472 
0.9 64	23364 
0.9 63	29304 
0.9 65	34452 
0.9 66	24948 
0.9 67	37620 
0.9 70	27720 
0.9 69	32076 
0.9 68	38412 
0.9 72	23760 
0.9 71	33660 
0.9 74	27324 
0.9 73	39600 
0.9 75	33264 
0.9 77	24948 
0.9 76	39204 
0.9 78	35640 
0.9 79	23760 
0.9 81	24552 
0.9 80	35640 
0.9 82	30096 
0.9 83	28908 
0.9 84	30888 
0.9 85	28908 
0.9 87	31284 
0.9 86	34056 
0.9 88	27720 
0.9 89	38808 
0.9 90	28908 
0.9 91	38016 
0.9 92	33264 
0.9 93	25344 
0.9 94	31284 
0.9 95	34056 
0.9 97	29304 
0.9 96	35244 
0.9 98	24156 
0.9 100	27324 
0.9 99	36036 
0.95 2	25344 
0.95 1	31680 
0.95 3	29700 
0.95 4	34452 
0.95 6	32868 
0.95 5	37620 
0.95 7	28116 
0.95 8	26532 
0.95 9	25740 
0.95 10	35244 
0.95 13	39204 
0.95 12	39600 
0.95 14	34848 
0.95 11	46728 
0.95 16	32868 
0.95 17	30888 
0.95 15	40788 
0.95 18	30888 
0.95 19	30096 
0.95 21	30096 
0.95 22	33264 
0.95 20	41580 
0.95 25	22176 
0.95 23	32076 
0.95 24	33264 
0.95 27	25740 
0.95 26	48312 
0.95 28	29304 
0.95 29	29700 
0.95 30	35244 
0.95 31	37224 
0.95 32	33660 
0.95 33	38412 
0.95 34	30096 
0.95 35	37224 
0.95 36	36432 
0.95 37	34056 
0.95 38	35640 
0.95 39	30096 
0.95 40	33264 
0.95 41	32076 
0.95 42	35244 
0.95 44	33264 
0.95 45	29304 
0.95 43	32868 
0.95 47	24552 
0.95 46	36828 
0.95 48	46728 
0.95 49	43956 
0.95 51	32868 
0.95 50	37224 
0.95 53	27720 
0.95 52	33264 
0.95 55	25740 
0.95 54	36432 
0.95 56	35640 
0.95 57	31680 
0.95 59	28512 
0.95 58	33660 
0.95 61	31284 
0.95 60	39996 
0.95 62	32868 
0.95 63	31680 
0.95 64	28908 
0.95 65	31284 
0.95 67	23760 
0.95 66	37224 
0.95 68	29304 
0.95 69	34452 
0.95 70	39996 
0.95 72	30492 
0.95 71	37620 
0.95 73	29700 
0.95 76	26928 
0.95 77	26136 
0.95 75	38412 
0.95 74	35640 
0.95 78	32868 
0.95 80	27720 
0.95 79	28512 
0.95 81	28116 
0.95 84	28908 
0.95 82	36036 
0.95 85	29700 
0.95 83	36036 
0.95 86	26532 
0.95 88	30096 
0.95 89	29304 
0.95 87	43164 
0.95 90	31680 
0.95 91	32868 
0.95 93	27720 
0.95 92	39600 
0.95 94	33264 
0.95 95	26136 
0.95 96	32076 
0.95 97	41580 
0.95 99	24156 
0.95 98	32076 
0.95 100	28116 
