0.05 4	2804460 
0.05 2	2891420 
0.05 1	2913160 
0.05 3	2978380 
0.05 7	2674020 
0.05 8	2695760 
0.05 5	2891420 
0.05 6	2934900 
0.05 10	2891420 
0.05 9	2978380 
0.05 12	2934900 
0.05 11	3065340 
0.05 13	2717500 
0.05 14	2913160 
0.05 16	2804460 
0.05 15	2847940 
0.05 17	2760980 
0.05 18	2695760 
0.05 20	2869680 
0.05 19	2913160 
0.05 21	2695760 
0.05 22	2891420 
0.05 23	2760980 
0.05 24	2826200 
0.05 25	2913160 
0.05 26	2804460 
0.05 28	2869680 
0.05 27	2956640 
0.05 30	2826200 
0.05 29	3043600 
0.05 32	2760980 
0.05 31	2956640 
0.05 33	2869680 
0.05 34	2891420 
0.05 35	2782720 
0.05 36	2869680 
0.05 37	2847940 
0.05 38	2826200 
0.05 40	2543580 
0.05 39	2847940 
0.05 41	2869680 
0.05 42	2869680 
0.05 43	2760980 
0.05 44	2826200 
0.05 45	2760980 
0.05 46	2804460 
0.05 47	2934900 
0.05 48	2913160 
0.05 49	2891420 
0.05 51	2608800 
0.05 52	2652280 
0.05 50	2913160 
0.05 53	2847940 
0.05 54	2913160 
0.05 55	2891420 
0.05 56	2913160 
0.05 58	2782720 
0.05 57	2934900 
0.05 59	2913160 
0.05 60	2956640 
0.05 61	2826200 
0.05 62	2913160 
0.05 63	2826200 
0.05 64	2956640 
0.05 65	2913160 
0.05 66	2847940 
0.05 67	2826200 
0.05 68	3065340 
0.05 69	2760980 
0.05 70	2782720 
0.05 71	2847940 
0.05 72	2826200 
0.05 73	2760980 
0.05 74	2891420 
0.05 75	2913160 
0.05 76	2891420 
0.05 77	2913160 
0.05 78	2978380 
0.05 79	2891420 
0.05 80	2891420 
0.05 81	2891420 
0.05 82	2891420 
0.05 83	3000120 
0.05 84	2956640 
0.05 85	2891420 
0.05 86	2847940 
0.05 87	2847940 
0.05 88	2891420 
0.05 89	2804460 
0.05 90	2782720 
0.05 91	2847940 
0.05 92	2739240 
0.05 94	2847940 
0.05 93	3000120 
0.05 95	2913160 
0.05 96	2760980 
0.05 97	2652280 
0.05 98	2826200 
0.1 1	461550 
0.05 99	2739240 
0.1 2	428970 
0.1 3	472410 
0.05 100	2869680 
0.1 4	483270 
0.1 5	472410 
0.1 6	456120 
0.1 7	461550 
0.1 8	477840 
0.1 9	466980 
0.1 10	461550 
0.1 11	450690 
0.1 12	499560 
0.1 13	445260 
0.1 14	428970 
0.1 15	472410 
0.1 16	445260 
0.1 17	466980 
0.1 18	499560 
0.1 20	428970 
0.1 19	472410 
0.1 21	445260 
0.1 23	428970 
0.1 22	488700 
0.1 24	510420 
0.1 25	494130 
0.1 26	472410 
0.1 27	472410 
0.1 28	466980 
0.1 29	450690 
0.1 30	439830 
0.1 31	466980 
0.1 32	472410 
0.1 33	488700 
0.1 34	445260 
0.1 35	466980 
0.1 36	472410 
0.1 37	456120 
0.1 38	456120 
0.1 39	472410 
0.1 40	488700 
0.1 41	466980 
0.1 42	483270 
0.1 43	456120 
0.1 44	466980 
0.1 45	488700 
0.1 46	472410 
0.1 47	450690 
0.1 48	477840 
0.1 49	456120 
0.1 50	461550 
0.1 51	461550 
0.1 52	461550 
0.1 53	472410 
0.1 54	466980 
0.1 55	472410 
0.1 56	483270 
0.1 57	483270 
0.1 58	483270 
0.1 59	477840 
0.1 60	483270 
0.1 61	461550 
0.1 62	456120 
0.1 63	483270 
0.1 64	450690 
0.1 65	450690 
0.1 66	461550 
0.1 67	461550 
0.1 68	466980 
0.1 69	456120 
0.1 70	428970 
0.1 71	477840 
0.1 72	445260 
0.1 73	445260 
0.1 74	450690 
0.1 76	472410 
0.1 75	504990 
0.1 77	450690 
0.1 78	477840 
0.1 80	472410 
0.1 79	477840 
0.1 81	466980 
0.1 82	488700 
0.1 84	477840 
0.1 83	494130 
0.1 85	466980 
0.1 86	472410 
0.1 87	461550 
0.1 88	461550 
0.1 89	456120 
0.1 90	401820 
0.1 91	477840 
0.1 92	477840 
0.1 93	450690 
0.1 94	483270 
0.1 95	472410 
0.1 96	472410 
0.1 97	477840 
0.1 98	472410 
0.15 1	168700 
0.15 2	168700 
0.1 99	450690 
0.15 3	173520 
0.1 100	456120 
0.15 4	171110 
0.15 5	166290 
0.15 6	159060 
0.15 7	166290 
0.15 8	166290 
0.15 10	168700 
0.15 11	163880 
0.15 9	185570 
0.15 12	161470 
0.15 13	168700 
0.15 14	178340 
0.15 15	175930 
0.15 16	163880 
0.15 17	159060 
0.15 18	168700 
0.15 19	168700 
0.15 20	161470 
0.15 21	159060 
0.15 22	173520 
0.15 23	173520 
0.15 24	168700 
0.15 25	168700 
0.15 27	161470 
0.15 26	178340 
0.15 30	166290 
0.15 28	168700 
0.15 29	173520 
0.15 31	161470 
0.15 32	156650 
0.15 35	159060 
0.15 34	168700 
0.15 33	185570 
0.15 37	142190 
0.15 38	163880 
0.15 36	168700 
0.15 39	168700 
0.15 41	156650 
0.15 42	166290 
0.15 40	192800 
0.15 43	175930 
0.15 44	166290 
0.15 45	178340 
0.15 47	185570 
0.15 46	183160 
0.15 48	166290 
0.15 51	156650 
0.15 49	175930 
0.15 50	183160 
0.15 53	163880 
0.15 54	166290 
0.15 52	178340 
0.15 55	171110 
0.15 56	163880 
0.15 57	163880 
0.15 58	168700 
0.15 59	166290 
0.15 62	161470 
0.15 61	161470 
0.15 60	166290 
0.15 63	187980 
0.15 64	154240 
0.15 66	166290 
0.15 65	171110 
0.15 67	168700 
0.15 69	161470 
0.15 68	166290 
0.15 70	168700 
0.15 71	178340 
0.15 72	159060 
0.15 73	159060 
0.15 74	163880 
0.15 75	171110 
0.15 76	161470 
0.15 78	161470 
0.15 77	173520 
0.15 79	171110 
0.15 81	171110 
0.15 82	168700 
0.15 80	173520 
0.15 83	168700 
0.15 84	166290 
0.15 85	168700 
0.15 86	183160 
0.15 87	178340 
0.15 88	161470 
0.15 91	147010 
0.15 89	173520 
0.15 90	171110 
0.15 95	166290 
0.15 92	168700 
0.15 93	166290 
0.15 94	178340 
0.15 96	161470 
0.15 98	171110 
0.15 99	161470 
0.15 97	173520 
0.2 2	87750 
0.2 1	91800 
0.2 3	87750 
0.2 5	81000 
0.2 4	87750 
0.15 100	178340 
0.2 6	82350 
0.2 7	82350 
0.2 8	82350 
0.2 9	87750 
0.2 10	85050 
0.2 11	82350 
0.2 13	78300 
0.2 12	85050 
0.2 14	94500 
0.2 17	79650 
0.2 15	89100 
0.2 16	89100 
0.2 18	87750 
0.2 21	83700 
0.2 20	87750 
0.2 19	95850 
0.2 22	95850 
0.2 23	85050 
0.2 25	85050 
0.2 24	85050 
0.2 26	79650 
0.2 27	83700 
0.2 28	86400 
0.2 29	91800 
0.2 30	85050 
0.2 32	85050 
0.2 31	89100 
0.2 33	82350 
0.2 36	79650 
0.2 35	86400 
0.2 37	85050 
0.2 34	95850 
0.2 38	79650 
0.2 39	79650 
0.2 41	90450 
0.2 40	91800 
0.2 42	81000 
0.2 43	87750 
0.2 45	79650 
0.2 44	83700 
0.2 47	81000 
0.2 48	82350 
0.2 46	97200 
0.2 49	91800 
0.2 50	79650 
0.2 52	90450 
0.2 51	93150 
0.2 53	86400 
0.2 54	85050 
0.2 57	87750 
0.2 56	86400 
0.2 55	93150 
0.2 59	74250 
0.2 58	82350 
0.2 60	81000 
0.2 61	94500 
0.2 63	82350 
0.2 64	91800 
0.2 62	91800 
0.2 65	86400 
0.2 66	82350 
0.2 67	83700 
0.2 69	86400 
0.2 68	93150 
0.2 72	75600 
0.2 70	87750 
0.2 71	91800 
0.2 73	85050 
0.2 75	79650 
0.2 76	78300 
0.2 74	87750 
0.2 77	90450 
0.2 79	85050 
0.2 78	87750 
0.2 81	78300 
0.2 80	89100 
0.2 82	78300 
0.2 83	82350 
0.2 84	74250 
0.2 85	83700 
0.2 86	83700 
0.2 87	86400 
0.2 88	87750 
0.2 89	76950 
0.2 92	68850 
0.2 90	75600 
0.2 91	89100 
0.2 93	93150 
0.2 94	87750 
0.2 95	87750 
0.2 96	76950 
0.2 97	76950 
0.2 99	72900 
0.2 98	85050 
0.2 100	85050 
0.25 3	47300 
0.25 2	49880 
0.25 1	50740 
0.25 4	51600 
0.25 6	49880 
0.25 7	51600 
0.25 5	55040 
0.25 8	45580 
0.25 10	49880 
0.25 11	52460 
0.25 9	58480 
0.25 12	55900 
0.25 13	43000 
0.25 14	54180 
0.25 15	54180 
0.25 16	48160 
0.25 17	53320 
0.25 18	45580 
0.25 19	54180 
0.25 20	51600 
0.25 22	45580 
0.25 21	61920 
0.25 23	46440 
0.25 24	49020 
0.25 25	51600 
0.25 26	55040 
0.25 27	53320 
0.25 28	55040 
0.25 30	39560 
0.25 29	57620 
0.25 31	57620 
0.25 32	58480 
0.25 33	53320 
0.25 34	53320 
0.25 35	55040 
0.25 36	45580 
0.25 37	49880 
0.25 38	52460 
0.25 39	49880 
0.25 40	51600 
0.25 41	53320 
0.25 42	50740 
0.25 43	49020 
0.25 44	55900 
0.25 45	50740 
0.25 46	54180 
0.25 47	56760 
0.25 48	47300 
0.25 49	46440 
0.25 50	52460 
0.25 51	55040 
0.25 53	49020 
0.25 52	57620 
0.25 54	53320 
0.25 55	55040 
0.25 56	48160 
0.25 57	55900 
0.25 58	53320 
0.25 59	51600 
0.25 60	47300 
0.25 61	59340 
0.25 63	52460 
0.25 62	54180 
0.25 64	64500 
0.25 65	62780 
0.25 67	47300 
0.25 66	54180 
0.25 68	50740 
0.25 69	46440 
0.25 70	51600 
0.25 71	47300 
0.25 72	54180 
0.25 73	53320 
0.25 74	49880 
0.25 75	53320 
0.25 77	47300 
0.25 76	53320 
0.25 78	56760 
0.25 79	55040 
0.25 80	52460 
0.25 81	55040 
0.25 82	49020 
0.25 83	51600 
0.25 84	51600 
0.25 85	52460 
0.25 86	53320 
0.25 87	49020 
0.25 88	50740 
0.25 90	44720 
0.25 89	54180 
0.25 91	48160 
0.25 92	51600 
0.25 93	50740 
0.25 94	49880 
0.25 96	54180 
0.25 97	54180 
0.25 98	52460 
0.25 95	65360 
0.3 2	35400 
0.3 1	39600 
0.25 100	45580 
0.25 99	46440 
0.3 3	40200 
0.3 4	36000 
0.3 6	33600 
0.3 5	36000 
0.3 8	35400 
0.3 9	33600 
0.3 7	37200 
0.3 10	38400 
0.3 13	30600 
0.3 11	38400 
0.3 14	33000 
0.3 12	40200 
0.3 15	33000 
0.3 16	31200 
0.3 17	37800 
0.3 18	36600 
0.3 21	31200 
0.3 19	37200 
0.3 20	39000 
0.3 22	42000 
0.3 23	37200 
0.3 24	42600 
0.3 26	34200 
0.3 25	40200 
0.3 27	42000 
0.3 29	34800 
0.3 28	39000 
0.3 30	35400 
0.3 31	36600 
0.3 34	30000 
0.3 32	42000 
0.3 33	41400 
0.3 35	37800 
0.3 37	36000 
0.3 38	39000 
0.3 36	39600 
0.3 40	31800 
0.3 39	43800 
0.3 41	39600 
0.3 42	43800 
0.3 43	44400 
0.3 44	43800 
0.3 45	41400 
0.3 46	42000 
0.3 48	30000 
0.3 47	39000 
0.3 49	40200 
0.3 50	35400 
0.3 51	30600 
0.3 52	35400 
0.3 53	32400 
0.3 54	33000 
0.3 55	36600 
0.3 56	40800 
0.3 57	41400 
0.3 58	35400 
0.3 59	37800 
0.3 60	31200 
0.3 62	33600 
0.3 61	37200 
0.3 63	33600 
0.3 64	34200 
0.3 65	30000 
0.3 66	36000 
0.3 67	34200 
0.3 68	46200 
0.3 69	38400 
0.3 70	34800 
0.3 71	37800 
0.3 72	31800 
0.3 73	35400 
0.3 74	33600 
0.3 75	38400 
0.3 76	34800 
0.3 77	37200 
0.3 78	42600 
0.3 80	34200 
0.3 79	39600 
0.3 81	35400 
0.3 83	36000 
0.3 84	37200 
0.3 82	39000 
0.3 85	35400 
0.3 86	39000 
0.3 87	37200 
0.3 88	38400 
0.3 89	36000 
0.3 91	36000 
0.3 90	40200 
0.3 92	38400 
0.3 93	37200 
0.3 95	29400 
0.3 96	30600 
0.3 94	37200 
0.3 97	37200 
0.3 98	30000 
0.35 1	24200 
0.3 99	36600 
0.3 100	36000 
0.35 2	26400 
0.35 3	30360 
0.35 4	29480 
0.35 5	27280 
0.35 6	23760 
0.35 7	29480 
0.35 8	27720 
0.35 9	32560 
0.35 10	24640 
0.35 11	22440 
0.35 12	24200 
0.35 13	29480 
0.35 14	22000 
0.35 15	29040 
0.35 16	27720 
0.35 17	26400 
0.35 18	25960 
0.35 20	25520 
0.35 19	31680 
0.35 21	29920 
0.35 22	32120 
0.35 23	26400 
0.35 24	27280 
0.35 25	28160 
0.35 26	26400 
0.35 27	29480 
0.35 28	30360 
0.35 29	21560 
0.35 30	26840 
0.35 31	28160 
0.35 33	18040 
0.35 32	24200 
0.35 34	25520 
0.35 35	26840 
0.35 37	23320 
0.35 36	32560 
0.35 38	29040 
0.35 39	27720 
0.35 40	27280 
0.35 41	29920 
0.35 42	28600 
0.35 43	25080 
0.35 44	28600 
0.35 45	29040 
0.35 46	23320 
0.35 47	31240 
0.35 48	29040 
0.35 49	26400 
0.35 50	21120 
0.35 51	29480 
0.35 52	29040 
0.35 53	25080 
0.35 54	26400 
0.35 55	25960 
0.35 57	22880 
0.35 56	27720 
0.35 58	36080 
0.35 60	25080 
0.35 61	22440 
0.35 59	33440 
0.35 62	28160 
0.35 63	27280 
0.35 64	27280 
0.35 65	27720 
0.35 66	25960 
0.35 67	29040 
0.35 68	28600 
0.35 69	29920 
0.35 70	21120 
0.35 72	23320 
0.35 71	26400 
0.35 73	23320 
0.35 74	28600 
0.35 75	29040 
0.35 76	26840 
0.35 77	28160 
0.35 78	23760 
0.35 79	24640 
0.35 80	26400 
0.35 81	25520 
0.35 82	30800 
0.35 83	25080 
0.35 84	26840 
0.35 85	35640 
0.35 86	24640 
0.35 87	24200 
0.35 88	25080 
0.35 89	23760 
0.35 90	31240 
0.35 91	33440 
0.35 92	32120 
0.35 93	29480 
0.35 94	22000 
0.35 95	24200 
0.35 96	26840 
0.35 99	20680 
0.35 98	25520 
0.35 97	32120 
0.35 100	25960 
0.4 1	21780 
0.4 2	22770 
0.4 3	21780 
0.4 4	22110 
0.4 5	20790 
0.4 7	18480 
0.4 6	22440 
0.4 8	21780 
0.4 9	22770 
0.4 11	21450 
0.4 10	28050 
0.4 12	24090 
0.4 13	24090 
0.4 14	18480 
0.4 15	22110 
0.4 16	26400 
0.4 18	21450 
0.4 17	25740 
0.4 19	23430 
0.4 20	21780 
0.4 21	19140 
0.4 23	20130 
0.4 22	25410 
0.4 24	23430 
0.4 25	24420 
0.4 26	24750 
0.4 27	20790 
0.4 28	20130 
0.4 29	18150 
0.4 30	19800 
0.4 31	25080 
0.4 32	20790 
0.4 33	27390 
0.4 36	18480 
0.4 35	22110 
0.4 34	33990 
0.4 37	24750 
0.4 38	17820 
0.4 40	20790 
0.4 39	28050 
0.4 41	18810 
0.4 42	22770 
0.4 44	18810 
0.4 43	22770 
0.4 45	19800 
0.4 46	25080 
0.4 48	19470 
0.4 47	21450 
0.4 49	23430 
0.4 50	20460 
0.4 52	23760 
0.4 51	30030 
0.4 53	24090 
0.4 54	21120 
0.4 55	22110 
0.4 57	17160 
0.4 56	26730 
0.4 58	20130 
0.4 59	18810 
0.4 60	20790 
0.4 61	24420 
0.4 62	27390 
0.4 63	27060 
0.4 64	25080 
0.4 65	21450 
0.4 66	21120 
0.4 67	17820 
0.4 68	23430 
0.4 69	22110 
0.4 70	20460 
0.4 71	22110 
0.4 72	18150 
0.4 73	19800 
0.4 75	17490 
0.4 74	27060 
0.4 76	22110 
0.4 77	25410 
0.4 78	17820 
0.4 79	18810 
0.4 80	30360 
0.4 81	27060 
0.4 83	18810 
0.4 82	30360 
0.4 84	17490 
0.4 85	23100 
0.4 86	22440 
0.4 87	20130 
0.4 88	25740 
0.4 89	19800 
0.4 91	19140 
0.4 90	27060 
0.4 93	15510 
0.4 92	21120 
0.4 94	25740 
0.4 95	23760 
0.4 96	22770 
0.4 97	22770 
0.4 99	22770 
0.45 1	17420 
0.4 100	21780 
0.4 98	23100 
0.45 2	18980 
0.45 4	18980 
0.45 5	18980 
0.45 3	20280 
0.45 8	23140 
0.45 7	18720 
0.45 6	17160 
0.45 9	22620 
0.45 10	18980 
0.45 11	20020 
0.45 12	20800 
0.45 13	24700 
0.45 15	14300 
0.45 14	19500 
0.45 17	15860 
0.45 16	22620 
0.45 18	21840 
0.45 19	19500 
0.45 20	22360 
0.45 21	22360 
0.45 22	23660 
0.45 23	25220 
0.45 24	20800 
0.45 25	17420 
0.45 27	16640 
0.45 26	19760 
0.45 28	20280 
0.45 29	14300 
0.45 30	19240 
0.45 31	15340 
0.45 32	20280 
0.45 33	16640 
0.45 35	19240 
0.45 34	22620 
0.45 37	13000 
0.45 38	18980 
0.45 40	14820 
0.45 39	18200 
0.45 36	26260 
0.45 42	22620 
0.45 44	18200 
0.45 43	22360 
0.45 41	18980 
0.45 46	18200 
0.45 48	15600 
0.45 47	19500 
0.45 45	18980 
0.45 49	16120 
0.45 50	17420 
0.45 51	19240 
0.45 52	19240 
0.45 53	20280 
0.45 55	18460 
0.45 56	17680 
0.45 54	19500 
0.45 57	15860 
0.45 58	13780 
0.45 59	15340 
0.45 60	18200 
0.45 62	18460 
0.45 63	18200 
0.45 61	28600 
0.45 64	15600 
0.45 65	19760 
0.45 66	18980 
0.45 67	22100 
0.45 68	17940 
0.45 69	15600 
0.45 70	22100 
0.45 71	20280 
0.45 72	21060 
0.45 73	16640 
0.45 76	19500 
0.45 75	22360 
0.45 77	15600 
0.45 74	25220 
0.45 78	16120 
0.45 79	15860 
0.45 80	17160 
0.45 81	20280 
0.45 82	21320 
0.45 83	19240 
0.45 84	16640 
0.45 85	20280 
0.45 86	19760 
0.45 88	14560 
0.45 87	19240 
0.45 89	19240 
0.45 91	19240 
0.45 92	18720 
0.45 90	24440 
0.45 93	20540 
0.45 95	15340 
0.45 94	20020 
0.45 96	16120 
0.45 97	20020 
0.45 98	19760 
0.45 99	19760 
0.45 100	19760 
0.5 1	16800 
0.5 2	17010 
0.5 3	15330 
0.5 5	15330 
0.5 4	19110 
0.5 6	18060 
0.5 7	14700 
0.5 9	11550 
0.5 8	19110 
0.5 10	18690 
0.5 11	13860 
0.5 12	15330 
0.5 13	16170 
0.5 15	17010 
0.5 17	12180 
0.5 16	19530 
0.5 14	21000 
0.5 18	13860 
0.5 20	18060 
0.5 19	20370 
0.5 21	17850 
0.5 22	14280 
0.5 23	15960 
0.5 25	12180 
0.5 24	22050 
0.5 26	21840 
0.5 28	13440 
0.5 29	13230 
0.5 27	18690 
0.5 30	15330 
0.5 31	17430 
0.5 33	14490 
0.5 32	21840 
0.5 34	17430 
0.5 35	14700 
0.5 36	16590 
0.5 38	16380 
0.5 37	19950 
0.5 39	22260 
0.5 41	14910 
0.5 42	15330 
0.5 40	23940 
0.5 43	17640 
0.5 45	13230 
0.5 44	19740 
0.5 46	13650 
0.5 47	16800 
0.5 48	21840 
0.5 49	17430 
0.5 50	16380 
0.5 51	17430 
0.5 52	16800 
0.5 53	19740 
0.5 54	15330 
0.5 55	20580 
0.5 56	18690 
0.5 57	15330 
0.5 58	18060 
0.5 59	15750 
0.5 60	19740 
0.5 61	16170 
0.5 62	19110 
0.5 63	19320 
0.5 64	17010 
0.5 65	15330 
0.5 66	17010 
0.5 67	15540 
0.5 68	18060 
0.5 69	18270 
0.5 70	16380 
0.5 71	16590 
0.5 72	13860 
0.5 73	15750 
0.5 74	20160 
0.5 75	16800 
0.5 76	17220 
0.5 77	15120 
0.5 78	14490 
0.5 80	14490 
0.5 79	17220 
0.5 81	19320 
0.5 82	14910 
0.5 83	17850 
0.5 84	19110 
0.5 86	12600 
0.5 85	14700 
0.5 87	18900 
0.5 88	18480 
0.5 90	15120 
0.5 89	19740 
0.5 91	18480 
0.5 92	18060 
0.5 94	14910 
0.5 93	21840 
0.5 95	14910 
0.5 97	20370 
0.5 98	19320 
0.5 96	23730 
0.5 99	17010 
0.55 1	12410 
0.5 100	14070 
0.55 2	16150 
0.55 3	17000 
0.55 4	14620 
0.55 5	17170 
0.55 6	18360 
0.55 7	16490 
0.55 8	15980 
0.55 9	15810 
0.55 10	15300 
0.55 11	14620 
0.55 12	16660 
0.55 13	14620 
0.55 15	11220 
0.55 14	16320 
0.55 16	12750 
0.55 17	12750 
0.55 19	13770 
0.55 18	18020 
0.55 20	17510 
0.55 21	16490 
0.55 22	14110 
0.55 23	15300 
0.55 24	16660 
0.55 25	13940 
0.55 26	14450 
0.55 28	12750 
0.55 27	20060 
0.55 30	11220 
0.55 29	17000 
0.55 31	15470 
0.55 32	15130 
0.55 33	15300 
0.55 34	14790 
0.55 35	15300 
0.55 36	13940 
0.55 38	14450 
0.55 37	17850 
0.55 39	14960 
0.55 40	15640 
0.55 41	15640 
0.55 42	14790 
0.55 43	19380 
0.55 44	15640 
0.55 45	16150 
0.55 46	12920 
0.55 47	14620 
0.55 48	13430 
0.55 49	16490 
0.55 50	17510 
0.55 52	13770 
0.55 51	18190 
0.55 53	14280 
0.55 54	19040 
0.55 55	16660 
0.55 56	15980 
0.55 57	15130 
0.55 58	13430 
0.55 59	11220 
0.55 61	17170 
0.55 62	16150 
0.55 60	19550 
0.55 63	18360 
0.55 64	14110 
0.55 65	13770 
0.55 66	22780 
0.55 68	12750 
0.55 67	20400 
0.55 69	17170 
0.55 70	14960 
0.55 72	8670 
0.55 71	14960 
0.55 74	13090 
0.55 75	14450 
0.55 76	15130 
0.55 73	21080 
0.55 77	18870 
0.55 79	13770 
0.55 78	14960 
0.55 80	16320 
0.55 81	14790 
0.55 83	13090 
0.55 84	12580 
0.55 82	13430 
0.55 85	10880 
0.55 87	17680 
0.55 86	17340 
0.55 88	18020 
0.55 89	14450 
0.55 90	18360 
0.55 91	16490 
0.55 92	15980 
0.55 94	12410 
0.55 93	19890 
0.55 96	11220 
0.55 95	15810 
0.55 97	16830 
0.55 98	16660 
0.55 100	10370 
0.55 99	14620 
0.6 1	13200 
0.6 2	11400 
0.6 3	16800 
0.6 4	15000 
0.6 6	11850 
0.6 5	16500 
0.6 8	11250 
0.6 7	15150 
0.6 9	15300 
0.6 10	16800 
0.6 11	13950 
0.6 12	14400 
0.6 13	10650 
0.6 14	12900 
0.6 15	15750 
0.6 16	14400 
0.6 17	11550 
0.6 18	13650 
0.6 19	12450 
0.6 20	15450 
0.6 21	13350 
0.6 22	12750 
0.6 23	12600 
0.6 24	11700 
0.6 26	12000 
0.6 25	15750 
0.6 28	10200 
0.6 27	15900 
0.6 29	16350 
0.6 30	13500 
0.6 31	15000 
0.6 32	12000 
0.6 33	16500 
0.6 34	14250 
0.6 36	14100 
0.6 35	16650 
0.6 37	17700 
0.6 38	15750 
0.6 39	11250 
0.6 40	11850 
0.6 41	16950 
0.6 42	14250 
0.6 44	9900 
0.6 43	15300 
0.6 46	12900 
0.6 45	16650 
0.6 47	15900 
0.6 48	15300 
0.6 50	12150 
0.6 49	11400 
0.6 51	13800 
0.6 52	13650 
0.6 53	12600 
0.6 54	11850 
0.6 55	13950 
0.6 56	16350 
0.6 57	15750 
0.6 58	15300 
0.6 59	16200 
0.6 60	10950 
0.6 61	16350 
0.6 62	16200 
0.6 64	14550 
0.6 63	15150 
0.6 65	13500 
0.6 66	14100 
0.6 67	16650 
0.6 68	15000 
0.6 69	11550 
0.6 70	16200 
0.6 71	15150 
0.6 72	13500 
0.6 73	14850 
0.6 74	15750 
0.6 75	12600 
0.6 76	13800 
0.6 77	14850 
0.6 78	12000 
0.6 79	14250 
0.6 80	14550 
0.6 81	14550 
0.6 82	16650 
0.6 83	12600 
0.6 84	17400 
0.6 85	14250 
0.6 86	15000 
0.6 87	13350 
0.6 88	12750 
0.6 89	12750 
0.6 90	13500 
0.6 91	12900 
0.6 92	10500 
0.6 93	15900 
0.6 94	10950 
0.6 95	15900 
0.6 96	15450 
0.6 97	17700 
0.6 98	13800 
0.6 100	13950 
0.6 99	13950 
0.65 1	12120 
0.65 2	13440 
0.65 3	13560 
0.65 4	13320 
0.65 5	11760 
0.65 7	12240 
0.65 6	17640 
0.65 8	16680 
0.65 9	15480 
0.65 10	12120 
0.65 11	12120 
0.65 12	12240 
0.65 13	12360 
0.65 14	13080 
0.65 15	14760 
0.65 16	17280 
0.65 17	10200 
0.65 18	13440 
0.65 19	11520 
0.65 21	11280 
0.65 20	16560 
0.65 22	15600 
0.65 23	13920 
0.65 24	12480 
0.65 25	13320 
0.65 26	13200 
0.65 27	15480 
0.65 28	11640 
0.65 29	18480 
0.65 30	14160 
0.65 32	13200 
0.65 31	15720 
0.65 33	12480 
0.65 34	11880 
0.65 35	16440 
0.65 36	13560 
0.65 38	12120 
0.65 37	17400 
0.65 40	10680 
0.65 39	16440 
0.65 42	14160 
0.65 41	14160 
0.65 43	13440 
0.65 44	9240 
0.65 45	15600 
0.65 47	12240 
0.65 48	10560 
0.65 46	15840 
0.65 49	14640 
0.65 50	12840 
0.65 52	9720 
0.65 51	13440 
0.65 53	11760 
0.65 54	14520 
0.65 55	13440 
0.65 56	16680 
0.65 57	12960 
0.65 58	15240 
0.65 59	13200 
0.65 60	15240 
0.65 61	13680 
0.65 62	13560 
0.65 63	12240 
0.65 64	8400 
0.65 65	15360 
0.65 67	8520 
0.65 66	13680 
0.65 69	11760 
0.65 68	15240 
0.65 70	11520 
0.65 71	14520 
0.65 72	12360 
0.65 73	14880 
0.65 74	16320 
0.65 76	12240 
0.65 75	17760 
0.65 77	13440 
0.65 78	13200 
0.65 79	13680 
0.65 80	11520 
0.65 81	15120 
0.65 82	13560 
0.65 83	14640 
0.65 84	11040 
0.65 85	19200 
0.65 88	12240 
0.65 87	14280 
0.65 86	17520 
0.65 89	10320 
0.65 91	15240 
0.65 92	12720 
0.65 93	11760 
0.65 90	14040 
0.65 94	12840 
0.65 95	14040 
0.65 96	13800 
0.65 97	11160 
0.65 98	11040 
0.65 99	12240 
0.65 100	10080 
0.7 1	18150 
0.7 2	13420 
0.7 3	16830 
0.7 4	14960 
0.7 5	12540 
0.7 6	12100 
0.7 7	10010 
0.7 8	13970 
0.7 9	12540 
0.7 10	16390 
0.7 11	12980 
0.7 12	13970 
0.7 13	10230 
0.7 14	12320 
0.7 15	14410 
0.7 16	11880 
0.7 17	13200 
0.7 19	8800 
0.7 18	14630 
0.7 20	10120 
0.7 21	11660 
0.7 22	14630 
0.7 23	13970 
0.7 24	11000 
0.7 25	12540 
0.7 26	12540 
0.7 27	14960 
0.7 28	14850 
0.7 29	12980 
0.7 30	12210 
0.7 32	11990 
0.7 33	11330 
0.7 34	13420 
0.7 31	17050 
0.7 35	11880 
0.7 37	12650 
0.7 36	13530 
0.7 38	14300 
0.7 40	10560 
0.7 39	16830 
0.7 41	15730 
0.7 42	12540 
0.7 43	9680 
0.7 44	11110 
0.7 45	13310 
0.7 46	11990 
0.7 47	12100 
0.7 48	12320 
0.7 49	13640 
0.7 50	12870 
0.7 51	13200 
0.7 52	13860 
0.7 53	8250 
0.7 54	11880 
0.7 55	13310 
0.7 56	12210 
0.7 58	10560 
0.7 57	17270 
0.7 60	11000 
0.7 59	12320 
0.7 61	10780 
0.7 62	14960 
0.7 63	13970 
0.7 64	19910 
0.7 65	14300 
0.7 66	11220 
0.7 67	13090 
0.7 68	14300 
0.7 69	11990 
0.7 70	11110 
0.7 71	11880 
0.7 73	14190 
0.7 74	9570 
0.7 72	13860 
0.7 75	10560 
0.7 77	9900 
0.7 76	17710 
0.7 78	11220 
0.7 79	10560 
0.7 80	10230 
0.7 81	13200 
0.7 82	13310 
0.7 83	12210 
0.7 84	17380 
0.7 85	12540 
0.7 87	11110 
0.7 86	12980 
0.7 88	16500 
0.7 89	10780 
0.7 90	12870 
0.7 91	10670 
0.7 93	13970 
0.7 94	11220 
0.7 92	15070 
0.7 95	13420 
0.7 97	10560 
0.7 96	14080 
0.7 98	14630 
0.7 100	8690 
0.75 1	11340 
0.7 99	12760 
0.75 2	14670 
0.75 3	12330 
0.75 5	11430 
0.75 4	17280 
0.75 8	10260 
0.75 7	11880 
0.75 9	12060 
0.75 6	14940 
0.75 11	10980 
0.75 12	9900 
0.75 10	11520 
0.75 13	15030 
0.75 14	11070 
0.75 15	9540 
0.75 16	14400 
0.75 17	13860 
0.75 18	11160 
0.75 19	13860 
0.75 20	12240 
0.75 22	9720 
0.75 21	14580 
0.75 24	14220 
0.75 26	12240 
0.75 25	10710 
0.75 23	12510 
0.75 27	12600 
0.75 28	12690 
0.75 30	9900 
0.75 29	10800 
0.75 31	10890 
0.75 33	10620 
0.75 32	14940 
0.75 34	15480 
0.75 36	11430 
0.75 37	10710 
0.75 35	12420 
0.75 39	12060 
0.75 40	11700 
0.75 41	10530 
0.75 38	13140 
0.75 42	11340 
0.75 44	10440 
0.75 43	14310 
0.75 45	12960 
0.75 46	13860 
0.75 48	7740 
0.75 47	9720 
0.75 49	9900 
0.75 51	11700 
0.75 52	12600 
0.75 53	10440 
0.75 50	12240 
0.75 55	10980 
0.75 56	10080 
0.75 57	12870 
0.75 54	12870 
0.75 58	11520 
0.75 60	11880 
0.75 61	10260 
0.75 62	10350 
0.75 59	13770 
0.75 63	10260 
0.75 66	8280 
0.75 65	14130 
0.75 64	12150 
0.75 67	13140 
0.75 68	15120 
0.75 69	14220 
0.75 71	9810 
0.75 70	9900 
0.75 72	13230 
0.75 73	13320 
0.75 75	13320 
0.75 76	11880 
0.75 77	10440 
0.75 74	13950 
0.75 79	9630 
0.75 78	13140 
0.75 80	11700 
0.75 81	11340 
0.75 82	9090 
0.75 83	12330 
0.75 84	14040 
0.75 85	10260 
0.75 86	14310 
0.75 87	13050 
0.75 88	11340 
0.75 89	11160 
0.75 90	12870 
0.75 91	12600 
0.75 92	14130 
0.75 93	12600 
0.75 94	11430 
0.75 95	11070 
0.75 96	13230 
0.75 98	11700 
0.75 97	11610 
0.75 99	12960 
0.75 100	14580 
0.8 1	10720 
0.8 3	9680 
0.8 2	15120 
0.8 4	10720 
0.8 5	11760 
0.8 6	12800 
0.8 7	13040 
0.8 8	12880 
0.8 9	13840 
0.8 10	15280 
0.8 12	10720 
0.8 11	13600 
0.8 13	14480 
0.8 14	11120 
0.8 15	14320 
0.8 16	14000 
0.8 17	11760 
0.8 18	16720 
0.8 20	11760 
0.8 19	14000 
0.8 21	8560 
0.8 22	14240 
0.8 23	13040 
0.8 24	11440 
0.8 25	10960 
0.8 27	12320 
0.8 26	16640 
0.8 29	9440 
0.8 28	11840 
0.8 30	13840 
0.8 32	10560 
0.8 31	12560 
0.8 33	13440 
0.8 34	9200 
0.8 35	12080 
0.8 36	13600 
0.8 37	12720 
0.8 39	10480 
0.8 40	9440 
0.8 38	14640 
0.8 41	14720 
0.8 42	11600 
0.8 43	11840 
0.8 44	14320 
0.8 45	10720 
0.8 46	12320 
0.8 47	14640 
0.8 48	11200 
0.8 49	15600 
0.8 50	8160 
0.8 51	14400 
0.8 52	11040 
0.8 53	11280 
0.8 54	8880 
0.8 55	10080 
0.8 56	10480 
0.8 57	8880 
0.8 58	10640 
0.8 59	13520 
0.8 60	10720 
0.8 61	9120 
0.8 62	10720 
0.8 63	10480 
0.8 64	10800 
0.8 65	14960 
0.8 67	12480 
0.8 66	16640 
0.8 68	12880 
0.8 69	8960 
0.8 71	10480 
0.8 70	11760 
0.8 72	11840 
0.8 73	11600 
0.8 74	14160 
0.8 75	17600 
0.8 76	14560 
0.8 77	12720 
0.8 79	11760 
0.8 80	11360 
0.8 78	16320 
0.8 81	13360 
0.8 83	10640 
0.8 82	14400 
0.8 84	10960 
0.8 85	9760 
0.8 87	11920 
0.8 88	10240 
0.8 86	13360 
0.8 89	11680 
0.8 90	10480 
0.8 91	12480 
0.8 92	14720 
0.8 93	12080 
0.8 94	14240 
0.8 95	11280 
0.8 96	11600 
0.8 97	13200 
0.8 98	11280 
0.8 99	12560 
0.8 100	11040 
0.85 1	12180 
0.85 2	12880 
0.85 3	10780 
0.85 4	11550 
0.85 5	11970 
0.85 6	15400 
0.85 8	12320 
0.85 7	15960 
0.85 9	10640 
0.85 10	14000 
0.85 12	10500 
0.85 13	11130 
0.85 11	13020 
0.85 14	10290 
0.85 15	13860 
0.85 17	10080 
0.85 16	14490 
0.85 18	10990 
0.85 19	5950 
0.85 21	10640 
0.85 22	10500 
0.85 20	14140 
0.85 23	12460 
0.85 24	10570 
0.85 25	9590 
0.85 26	8610 
0.85 27	12880 
0.85 29	8190 
0.85 28	11270 
0.85 30	12880 
0.85 31	12110 
0.85 32	13160 
0.85 33	13090 
0.85 34	12530 
0.85 35	11340 
0.85 36	12880 
0.85 37	13650 
0.85 38	12600 
0.85 39	11550 
0.85 40	12740 
0.85 41	13930 
0.85 42	13580 
0.85 43	11270 
0.85 45	10290 
0.85 46	9940 
0.85 44	15540 
0.85 47	12810 
0.85 49	9940 
0.85 48	10220 
0.85 50	15330 
0.85 51	11970 
0.85 52	14700 
0.85 54	10150 
0.85 53	13160 
0.85 55	15400 
0.85 56	12810 
0.85 57	15820 
0.85 58	15050 
0.85 59	12670 
0.85 60	14980 
0.85 61	12670 
0.85 62	11900 
0.85 63	11200 
0.85 65	9520 
0.85 66	9450 
0.85 64	14350 
0.85 67	11620 
0.85 68	11270 
0.85 69	12950 
0.85 70	12390 
0.85 72	9310 
0.85 71	11830 
0.85 73	8750 
0.85 74	9450 
0.85 75	11550 
0.85 76	15610 
0.85 77	11620 
0.85 78	12810 
0.85 79	11340 
0.85 80	9590 
0.85 81	14980 
0.85 83	12740 
0.85 82	11480 
0.85 84	14070 
0.85 85	11690 
0.85 86	11060 
0.85 87	12810 
0.85 88	8540 
0.85 89	10780 
0.85 90	10430 
0.85 92	9800 
0.85 91	15050 
0.85 93	11900 
0.85 94	9730 
0.85 95	11060 
0.85 97	12880 
0.85 96	16590 
0.85 98	13930 
0.85 99	12670 
0.85 100	15540 
0.9 1	13200 
0.9 2	12180 
0.9 3	10920 
0.9 4	11040 
0.9 5	12240 
0.9 6	12360 
0.9 7	10380 
0.9 9	11640 
0.9 10	13980 
0.9 8	13200 
0.9 11	7020 
0.9 12	13500 
0.9 14	10560 
0.9 13	11520 
0.9 15	13500 
0.9 16	12600 
0.9 17	12000 
0.9 18	11340 
0.9 19	13680 
0.9 20	9180 
0.9 21	9180 
0.9 22	10320 
0.9 23	12840 
0.9 24	11640 
0.9 25	12360 
0.9 26	12000 
0.9 27	11280 
0.9 28	12060 
0.9 31	9120 
0.9 29	12000 
0.9 30	17880 
0.9 32	11340 
0.9 34	10020 
0.9 35	12180 
0.9 36	12360 
0.9 33	12420 
0.9 37	12840 
0.9 38	13140 
0.9 39	10920 
0.9 41	10080 
0.9 40	16920 
0.9 42	11160 
0.9 43	13620 
0.9 45	10500 
0.9 44	14280 
0.9 46	10200 
0.9 47	10440 
0.9 49	11400 
0.9 48	9180 
0.9 50	12120 
0.9 51	13380 
0.9 52	10800 
0.9 53	14940 
0.9 54	12660 
0.9 55	11100 
0.9 56	11520 
0.9 57	13260 
0.9 58	14520 
0.9 60	9420 
0.9 59	14040 
0.9 61	12480 
0.9 63	13140 
0.9 64	11640 
0.9 62	15420 
0.9 65	9300 
0.9 66	10680 
0.9 67	11100 
0.9 68	12000 
0.9 70	10920 
0.9 69	18000 
0.9 71	13320 
0.9 72	14820 
0.9 74	9900 
0.9 75	10380 
0.9 73	15060 
0.9 76	12480 
0.9 77	10260 
0.9 79	10320 
0.9 78	14280 
0.9 80	13020 
0.9 81	10260 
0.9 82	10680 
0.9 83	13500 
0.9 84	13440 
0.9 85	12840 
0.9 87	7020 
0.9 86	10500 
0.9 88	12060 
0.9 89	14700 
0.9 90	10680 
0.9 91	11760 
0.9 92	9780 
0.9 93	8940 
0.9 94	12420 
0.9 95	11280 
0.9 96	10740 
0.9 97	12840 
0.9 98	12060 
0.9 99	13260 
0.95 1	11520 
0.95 2	10500 
0.9 100	15540 
0.95 3	12060 
0.95 4	8940 
0.95 5	9960 
0.95 6	14220 
0.95 8	12840 
0.95 9	9540 
0.95 7	12660 
0.95 10	10980 
0.95 12	8160 
0.95 11	12480 
0.95 13	13020 
0.95 15	12060 
0.95 16	9720 
0.95 17	9060 
0.95 14	12840 
0.95 18	10560 
0.95 20	9540 
0.95 19	16560 
0.95 21	14940 
0.95 22	13740 
0.95 23	10740 
0.95 24	10740 
0.95 25	10080 
0.95 27	13020 
0.95 26	13980 
0.95 28	15120 
0.95 29	11160 
0.95 30	11220 
0.95 31	10500 
0.95 32	9660 
0.95 33	13380 
0.95 34	12900 
0.95 35	13800 
0.95 36	13260 
0.95 37	10380 
0.95 38	11400 
0.95 39	12780 
0.95 41	9540 
0.95 40	11280 
0.95 42	10080 
0.95 43	9660 
0.95 44	11760 
0.95 45	10680 
0.95 46	9060 
0.95 47	11160 
0.95 48	12120 
0.95 49	8880 
0.95 50	12420 
0.95 51	11040 
0.95 52	11340 
0.95 53	11400 
0.95 54	9240 
0.95 55	12540 
0.95 57	9360 
0.95 56	15780 
0.95 58	10800 
0.95 60	9960 
0.95 59	13380 
0.95 61	12180 
0.95 62	10500 
0.95 63	11580 
0.95 64	11700 
0.95 65	13080 
0.95 66	14100 
0.95 67	16080 
0.95 68	13620 
0.95 69	14460 
0.95 70	9960 
0.95 71	12300 
0.95 72	12480 
0.95 73	11700 
0.95 74	13680 
0.95 75	10920 
0.95 76	12060 
0.95 77	11820 
0.95 78	13620 
0.95 79	8820 
0.95 80	9960 
0.95 82	11400 
0.95 83	11640 
0.95 81	14820 
0.95 84	15780 
0.95 85	12540 
0.95 86	10560 
0.95 87	10380 
0.95 88	10320 
0.95 89	12660 
0.95 90	10560 
0.95 91	12240 
0.95 92	10740 
0.95 93	10260 
0.95 94	11160 
0.95 95	12060 
0.95 97	8880 
0.95 98	9420 
0.95 96	15120 
0.95 99	11760 
0.95 100	10680 
1 1	11550 
1 2	10400 
1 3	8600 
1 4	12350 
1 5	11650 
1 6	10550 
1 8	7400 
1 7	12150 
1 9	8000 
1 10	10400 
1 12	7700 
1 11	14750 
1 13	11700 
1 14	13400 
1 15	11000 
1 16	9300 
1 17	11650 
1 18	11900 
1 19	10350 
1 20	13150 
1 21	12600 
1 22	13300 
1 23	10150 
1 24	13450 
1 25	9450 
1 26	9550 
1 27	11000 
1 29	10400 
1 28	15050 
1 30	14500 
1 31	12150 
1 32	9000 
1 33	9900 
1 34	9350 
1 36	10550 
1 35	13000 
1 37	14100 
1 38	12000 
1 39	11900 
1 40	12200 
1 41	7750 
1 42	9950 
1 43	8850 
1 44	12350 
1 45	14350 
1 46	11300 
1 47	12850 
1 49	13750 
1 50	9100 
1 51	12450 
1 48	15550 
1 52	9700 
1 53	9300 
1 54	12650 
1 55	9550 
1 56	8950 
1 58	12350 
1 59	10900 
1 57	19750 
1 60	12650 
1 61	13500 
1 63	12200 
1 64	10450 
1 62	13300 
1 65	12350 
1 66	14350 
1 67	14300 
1 68	11850 
1 69	13350 
1 70	14500 
1 71	12100 
1 72	10050 
1 73	15450 
1 74	12500 
1 75	10700 
1 76	10150 
1 78	9250 
1 79	13300 
1 77	11200 
1 80	13900 
1 82	6900 
1 81	15000 
1 83	12150 
1 84	10000 
1 85	8750 
1 86	13000 
1 87	14650 
1 89	9050 
1 88	11900 
1 90	11350 
1 91	10400 
1 92	13950 
1 93	14850 
1 94	9800 
1 95	9850 
1 96	11100 
1 97	14700 
1 98	12200 
1 99	9250 
1 100	12800 
