50 1	22680 
50 2	27405 
50 3	22680 
50 4	23625 
50 5	26460 
50 6	23625 
50 7	27405 
50 8	27405 
50 9	27405 
50 10	26460 
50 11	25515 
50 12	24570 
50 13	29295 
50 14	27405 
50 15	26460 
50 16	26460 
50 17	22680 
50 18	25515 
50 19	24570 
50 20	28350 
50 21	26460 
50 22	28350 
50 23	20790 
50 24	26460 
50 25	23625 
50 26	25515 
50 27	25515 
50 29	27405 
50 28	28350 
50 30	22680 
50 31	30240 
50 33	24570 
50 32	24570 
50 34	27405 
50 35	25515 
50 36	25515 
50 37	26460 
50 38	27405 
50 39	26460 
50 40	27405 
50 42	26460 
50 41	31185 
50 43	26460 
50 44	25515 
50 45	23625 
50 46	24570 
50 47	24570 
50 48	26460 
50 49	23625 
50 50	25515 
50 51	28350 
50 52	27405 
50 54	20790 
50 53	27405 
50 55	28350 
50 56	26460 
50 57	24570 
50 58	25515 
50 59	27405 
50 60	23625 
50 61	24570 
50 62	27405 
50 63	29295 
50 64	26460 
50 65	26460 
50 66	29295 
50 67	27405 
50 68	23625 
50 69	25515 
50 70	24570 
50 71	27405 
50 72	27405 
50 73	24570 
50 74	26460 
50 75	25515 
50 76	24570 
50 77	24570 
50 78	24570 
50 79	25515 
50 81	23625 
50 80	29295 
50 82	25515 
50 83	23625 
50 84	24570 
50 85	26460 
50 86	23625 
50 87	25515 
50 88	25515 
50 89	22680 
50 90	29295 
50 91	26460 
50 92	24570 
50 93	23625 
50 94	19845 
50 95	23625 
50 96	24570 
50 97	26460 
50 98	23625 
50 99	24570 
50 100	24570 
100 2	83700 
100 1	86400 
100 3	86400 
100 4	87750 
100 5	83700 
100 6	87750 
100 8	82350 
100 7	89100 
100 11	81000 
100 9	89100 
100 10	87750 
100 12	87750 
100 14	81000 
100 13	85050 
100 15	83700 
100 16	81000 
100 19	79650 
100 20	76950 
100 17	87750 
100 18	94500 
100 22	78300 
100 23	79650 
100 21	87750 
100 24	75600 
100 25	78300 
100 26	82350 
100 28	81000 
100 27	86400 
100 29	82350 
100 31	83700 
100 30	91800 
100 32	86400 
100 33	81000 
100 34	83700 
100 35	82350 
100 36	85050 
100 37	85050 
100 39	83700 
100 40	82350 
100 38	95850 
100 41	89100 
100 43	86400 
100 42	91800 
100 44	90450 
100 45	78300 
100 46	87750 
100 48	81000 
100 47	85050 
100 49	81000 
100 50	89100 
100 51	83700 
100 52	82350 
100 53	79650 
100 54	82350 
100 56	85050 
100 55	91800 
100 57	91800 
100 59	75600 
100 58	90450 
100 60	87750 
100 61	83700 
100 62	83700 
100 63	85050 
100 64	87750 
100 65	87750 
100 66	81000 
100 67	81000 
100 68	78300 
100 69	86400 
100 70	79650 
100 71	85050 
100 72	86400 
100 74	89100 
100 73	89100 
100 75	85050 
100 76	85050 
100 77	82350 
100 78	83700 
100 79	87750 
100 80	81000 
100 81	79650 
100 82	90450 
100 84	86400 
100 83	87750 
100 85	85050 
100 86	81000 
100 87	82350 
100 88	89100 
100 89	85050 
100 90	86400 
100 91	87750 
100 92	86400 
100 93	79650 
100 95	86400 
100 96	76950 
100 94	91800 
100 97	89100 
100 99	79650 
100 100	78300 
100 98	86400 
150 2	152280 
150 4	153900 
150 1	170100 
150 3	174960 
150 6	158760 
150 7	163620 
150 8	155520 
150 5	184680 
150 10	160380 
150 9	166860 
150 12	166860 
150 11	179820 
150 14	160380 
150 13	173340 
150 15	162000 
150 16	162000 
150 17	162000 
150 19	155520 
150 18	160380 
150 20	174960 
150 22	160380 
150 23	162000 
150 21	179820 
150 24	163620 
150 25	150660 
150 26	166860 
150 27	165240 
150 28	171720 
150 29	163620 
150 30	168480 
150 31	171720 
150 32	163620 
150 33	158760 
150 36	152280 
150 35	166860 
150 34	186300 
150 37	183060 
150 38	150660 
150 40	158760 
150 39	162000 
150 41	165240 
150 42	153900 
150 44	171720 
150 43	170100 
150 45	176580 
150 46	170100 
150 47	170100 
150 48	168480 
150 49	162000 
150 50	160380 
150 51	168480 
150 52	168480 
150 54	163620 
150 53	186300 
150 55	165240 
150 56	160380 
150 57	163620 
150 58	155520 
150 59	162000 
150 60	170100 
150 62	157140 
150 61	168480 
150 63	165240 
150 64	162000 
150 65	157140 
150 66	168480 
150 68	153900 
150 67	155520 
150 69	170100 
150 70	152280 
150 71	147420 
150 72	166860 
150 74	150660 
150 73	153900 
150 75	162000 
150 76	157140 
150 78	149040 
150 77	166860 
150 79	162000 
150 80	170100 
150 81	160380 
150 82	157140 
150 83	165240 
150 84	183060 
150 85	173340 
150 86	166860 
150 87	162000 
150 88	165240 
150 89	158760 
150 90	153900 
150 91	158760 
150 92	173340 
150 95	136080 
150 93	165240 
150 94	178200 
150 96	160380 
150 97	165240 
150 98	181440 
150 99	162000 
150 100	165240 
200 1	240030 
200 3	260820 
200 2	289170 
200 4	260820 
200 5	258930 
200 6	257040 
200 7	268380 
200 8	277830 
200 9	283500 
200 10	279720 
200 11	249480 
200 12	243810 
200 13	257040 
200 14	255150 
200 15	258930 
200 16	283500 
200 17	268380 
200 18	264600 
200 19	285390 
200 20	257040 
200 21	270270 
200 22	270270 
200 24	262710 
200 23	275940 
200 25	258930 
200 27	249480 
200 26	268380 
200 28	255150 
200 29	279720 
200 31	270270 
200 30	279720 
200 32	268380 
200 33	255150 
200 34	234360 
200 35	260820 
200 36	266490 
200 37	258930 
200 38	258930 
200 39	289170 
200 40	289170 
200 41	277830 
200 42	283500 
200 43	245700 
200 44	274050 
200 45	274050 
200 46	262710 
200 47	270270 
200 48	277830 
200 49	236250 
200 51	245700 
200 50	270270 
200 52	274050 
200 53	262710 
200 54	255150 
200 55	279720 
200 56	274050 
200 57	266490 
200 58	245700 
200 59	268380 
200 60	262710 
200 62	262710 
200 61	289170 
200 63	255150 
200 64	308070 
200 65	272160 
200 66	281610 
200 67	258930 
200 68	285390 
200 69	277830 
200 70	272160 
200 71	279720 
200 72	291060 
200 75	268380 
200 73	291060 
200 74	287280 
200 76	279720 
200 79	241920 
200 77	262710 
200 78	275940 
200 80	275940 
200 82	274050 
200 81	294840 
200 83	289170 
200 84	283500 
200 85	245700 
200 86	262710 
200 87	258930 
200 88	275940 
200 89	281610 
200 91	260820 
200 90	277830 
200 92	253260 
200 93	270270 
200 94	272160 
200 95	272160 
200 96	277830 
200 97	268380 
200 98	289170 
200 99	279720 
200 100	249480 
250 2	334125 
250 1	374625 
250 3	352350 
250 4	374625 
250 5	360450 
250 6	348300 
250 7	425250 
250 8	344250 
250 10	317925 
250 9	344250 
250 11	360450 
250 12	366525 
250 14	346275 
250 13	411075 
250 15	429300 
250 16	368550 
250 17	390825 
250 18	368550 
250 20	368550 
250 19	392850 
250 21	384750 
250 22	386775 
250 24	366525 
250 23	390825 
250 26	368550 
250 25	405000 
250 27	368550 
250 28	364500 
250 29	350325 
250 30	366525 
250 31	368550 
250 32	368550 
250 33	358425 
250 34	411075 
250 36	382725 
250 35	407025 
250 37	386775 
250 38	386775 
250 39	364500 
250 40	366525 
250 41	388800 
250 42	366525 
250 43	366525 
250 44	356400 
250 45	358425 
250 46	362475 
250 48	354375 
250 47	374625 
250 49	384750 
250 50	368550 
250 51	392850 
250 52	388800 
250 54	354375 
250 53	384750 
250 56	400950 
250 55	405000 
250 57	352350 
250 58	394875 
250 59	344250 
250 60	398925 
250 61	360450 
250 62	368550 
250 63	364500 
250 64	366525 
250 65	368550 
250 66	382725 
250 67	344250 
250 68	390825 
250 69	352350 
250 70	352350 
250 71	380700 
250 72	366525 
250 73	374625 
250 74	388800 
250 75	384750 
250 76	368550 
250 77	358425 
250 78	374625 
250 79	388800 
250 80	380700 
250 81	368550 
250 82	390825 
250 83	392850 
250 84	396900 
250 85	376650 
250 86	380700 
250 87	356400 
250 88	419175 
250 89	370575 
250 90	346275 
250 91	352350 
250 92	384750 
250 93	394875 
250 94	386775 
250 95	366525 
250 96	324000 
250 97	402975 
250 98	372600 
250 99	427275 
250 100	374625 
300 2	507195 
300 1	562275 
300 3	495720 
300 4	475065 
300 5	504900 
300 6	569160 
300 7	534735 
300 8	502605 
300 9	527850 
300 10	491130 
300 11	479655 
300 12	525555 
300 13	543915 
300 14	500310 
300 15	504900 
300 16	537030 
300 17	491130 
300 18	509490 
300 19	481950 
300 20	562275 
300 21	495720 
300 22	520965 
300 23	592110 
300 24	500310 
300 25	532440 
300 26	514080 
300 27	537030 
300 28	491130 
300 29	491130 
300 30	491130 
300 32	468180 
300 31	493425 
300 33	530145 
300 34	507195 
300 35	486540 
300 36	530145 
300 37	514080 
300 38	537030 
300 39	541620 
300 40	585225 
300 41	514080 
300 42	502605 
300 43	507195 
300 44	539325 
300 45	511785 
300 46	502605 
300 47	553095 
300 48	516375 
300 49	559980 
300 50	569160 
300 51	516375 
300 52	534735 
300 54	511785 
300 53	525555 
300 55	479655 
300 56	555390 
300 57	502605 
300 58	523260 
300 59	502605 
300 60	493425 
300 62	495720 
300 61	548505 
300 63	548505 
300 64	527850 
300 66	537030 
300 65	571455 
300 67	502605 
300 68	507195 
300 69	486540 
300 71	500310 
300 70	569160 
300 72	532440 
300 73	479655 
300 74	559980 
300 75	527850 
300 76	541620 
300 77	539325 
300 79	502605 
300 78	566865 
300 80	520965 
300 81	509490 
300 82	509490 
300 83	592110 
300 84	504900 
300 85	509490 
300 86	518670 
300 87	481950 
300 88	520965 
300 89	525555 
300 90	532440 
300 91	534735 
300 92	495720 
300 93	539325 
300 94	507195 
300 95	557685 
300 96	582930 
300 97	477360 
300 98	518670 
300 99	502605 
300 100	507195 
350 1	660960 
350 2	699840 
350 3	653670 
350 4	658530 
350 5	719280 
350 6	583200 
350 8	619650 
350 7	660960 
350 10	643950 
350 9	660960 
350 12	588060 
350 11	733860 
350 14	670680 
350 13	675540 
350 15	648810 
350 16	729000 
350 17	636660 
350 18	648810 
350 19	673110 
350 20	656100 
350 22	636660 
350 23	636660 
350 21	736290 
350 24	692550 
350 25	660960 
350 26	624510 
350 27	665820 
350 28	692550 
350 29	687690 
350 30	682830 
350 31	658530 
350 32	619650 
350 34	629370 
350 33	651240 
350 35	643950 
350 36	641520 
350 37	648810 
350 38	663390 
350 39	675540 
350 40	690120 
350 41	612360 
350 43	634230 
350 42	716850 
350 44	660960 
350 45	663390 
350 46	619650 
350 47	653670 
350 48	658530 
350 50	626940 
350 49	653670 
350 51	670680 
350 52	714420 
350 54	636660 
350 53	687690 
350 55	648810 
350 56	624510 
350 57	651240 
350 58	682830 
350 59	648810 
350 60	629370 
350 61	665820 
350 62	692550 
350 63	692550 
350 64	641520 
350 65	643950 
350 67	626940 
350 66	692550 
350 68	702270 
350 69	694980 
350 71	636660 
350 70	682830 
350 72	675540 
350 73	680400 
350 74	643950 
350 75	643950 
350 76	697410 
350 77	692550 
350 78	673110 
350 79	656100 
350 80	682830 
350 81	675540 
350 83	660960 
350 82	687690 
350 84	656100 
350 85	656100 
350 86	709560 
350 87	724140 
350 88	636660 
350 90	600210 
350 89	709560 
350 91	663390 
350 92	673110 
350 93	675540 
350 95	619650 
350 94	673110 
350 96	668250 
350 98	631800 
350 97	670680 
350 99	641520 
350 100	626940 
400 1	839700 
400 3	834300 
400 2	920700 
400 4	804600 
400 5	834300 
400 6	885600 
400 7	796500 
400 8	855900 
400 10	769500 
400 9	842400 
400 11	864000 
400 12	918000 
400 13	815400 
400 14	831600 
400 15	793800 
400 16	850500 
400 18	858600 
400 19	812700 
400 17	923400 
400 20	788400 
400 21	845100 
400 23	801900 
400 22	866700 
400 24	885600 
400 25	837000 
400 26	866700 
400 27	874800 
400 28	826200 
400 30	864000 
400 29	909900 
400 31	912600 
400 32	837000 
400 34	845100 
400 33	858600 
400 35	850500 
400 36	815400 
400 38	801900 
400 37	820800 
400 39	791100 
400 40	842400 
400 41	842400 
400 42	850500 
400 43	834300 
400 44	831600 
400 47	842400 
400 46	853200 
400 45	934200 
400 48	869400 
400 49	885600 
400 50	896400 
400 51	880200 
400 52	837000 
400 54	780300 
400 55	869400 
400 53	931500 
400 56	788400 
400 57	882900 
400 59	823500 
400 58	866700 
400 60	872100 
400 61	826200 
400 63	842400 
400 64	880200 
400 62	920700 
400 65	864000 
400 66	818100 
400 68	882900 
400 67	882900 
400 69	772200 
400 70	882900 
400 71	872100 
400 72	909900 
400 73	891000 
400 74	837000 
400 75	928800 
400 76	928800 
400 77	864000 
400 78	828900 
400 79	901800 
400 80	915300 
400 81	861300 
400 82	812700 
400 83	850500 
400 84	872100 
400 86	791100 
400 85	861300 
400 87	839700 
400 88	885600 
400 90	828900 
400 89	839700 
400 91	912600 
400 92	885600 
400 94	853200 
400 93	920700 
400 95	826200 
400 96	804600 
400 97	823500 
400 98	864000 
400 99	791100 
400 100	861300 
450 1	1051785 
450 2	1060290 
450 3	952560 
450 4	1074465 
450 5	1077300 
450 6	1006425 
450 7	1099980 
450 8	1074465 
450 10	992250 
450 9	1077300 
450 11	1108485 
450 12	972405 
450 13	997920 
450 14	978075 
450 15	1054620 
450 16	989415 
450 17	986580 
450 18	1006425 
450 19	1063125 
450 20	1105650 
450 21	1057455 
450 22	1040445 
450 23	986580 
450 24	1131165 
450 25	1046115 
450 26	997920 
450 27	1063125 
450 28	1014930 
450 29	978075 
450 30	1153845 
450 31	1031940 
450 32	1131165 
450 33	1037610 
450 34	986580 
450 35	1012095 
450 36	1128330 
450 37	995085 
450 38	1023435 
450 39	983745 
450 40	1060290 
450 41	1065960 
450 42	1020600 
450 43	1009260 
450 44	1037610 
450 45	927045 
450 46	995085 
450 47	980910 
450 49	963900 
450 48	1094310 
450 50	1034775 
450 51	1088640 
450 52	1023435 
450 53	946890 
450 54	1029105 
450 55	1003590 
450 57	1043280 
450 56	1065960 
450 58	995085 
450 59	1063125 
450 61	989415 
450 60	1102815 
450 62	980910 
450 63	1006425 
450 64	1114155 
450 65	1105650 
450 66	1091475 
450 67	1023435 
450 68	958230 
450 69	1029105 
450 70	995085 
450 71	1088640 
450 72	1057455 
450 73	978075 
450 74	1085805 
450 75	1122660 
450 76	952560 
450 77	1051785 
450 78	995085 
450 79	1131165 
450 80	1040445 
450 81	1017765 
450 82	1043280 
450 83	1068795 
450 84	941220 
450 85	1091475 
450 86	1037610 
450 87	1080135 
450 88	1023435 
450 89	1031940 
450 90	1060290 
450 91	1000755 
450 92	1077300 
450 94	978075 
450 93	1063125 
450 95	1085805 
450 96	997920 
450 97	986580 
450 98	1054620 
450 100	963900 
450 99	1057455 
500 1	1241460 
500 2	1190970 
500 3	1250370 
500 4	1217700 
500 5	1312740 
500 6	1286010 
500 7	1185030 
500 8	1188000 
500 10	1179090 
500 9	1238490 
500 12	1188000 
500 11	1277100 
500 13	1235520 
500 14	1330560 
500 15	1190970 
500 16	1211760 
500 17	1291950 
500 18	1158300 
500 19	1146420 
500 20	1193940 
500 21	1211760 
500 22	1315710 
500 24	1134540 
500 23	1309770 
500 25	1294920 
500 26	1256310 
500 27	1188000 
500 28	1283040 
500 29	1190970 
500 30	1306800 
500 31	1211760 
500 32	1283040 
500 33	1315710 
500 34	1164240 
500 35	1283040 
500 36	1226610 
500 37	1283040 
500 38	1306800 
500 39	1283040 
500 40	1238490 
500 42	1152360 
500 41	1312740 
500 43	1167210 
500 44	1202850 
500 45	1274130 
500 46	1211760 
500 47	1202850 
500 48	1182060 
500 49	1232550 
500 50	1315710 
500 51	1360260 
500 52	1280070 
500 53	1128600 
500 54	1149390 
500 55	1164240 
500 56	1176120 
500 57	1312740 
500 58	1220670 
500 60	1199880 
500 59	1232550 
500 62	1155330 
500 61	1336500 
500 63	1149390 
500 64	1271160 
500 65	1235520 
500 67	1205820 
500 66	1265220 
500 68	1324620 
500 69	1262250 
500 71	1199880 
500 70	1294920 
500 72	1131570 
500 73	1179090 
500 74	1226610 
500 75	1217700 
500 76	1170180 
500 77	1214730 
500 79	1217700 
500 78	1297890 
500 80	1303830 
500 81	1247400 
500 82	1256310 
500 84	1185030 
500 83	1268190 
500 85	1146420 
500 86	1143450 
500 88	1262250 
500 87	1354320 
500 89	1214730 
500 90	1211760 
500 91	1155330 
500 92	1288980 
500 93	1226610 
500 95	1196910 
500 94	1324620 
500 96	1283040 
500 97	1185030 
500 98	1137510 
500 99	1164240 
500 100	1211760 
550 1	1533870 
550 2	1546290 
550 3	1536975 
550 4	1394145 
550 5	1344465 
550 6	1412775 
550 7	1397250 
550 8	1530765 
550 9	1499715 
550 10	1481085 
550 11	1474875 
550 12	1363095 
550 13	1276155 
550 14	1434510 
550 15	1400355 
550 16	1391040 
550 17	1434510 
550 19	1524555 
550 20	1453140 
550 18	1651860 
550 21	1446930 
550 22	1462455 
550 24	1372410 
550 23	1428300 
550 25	1350675 
550 27	1350675 
550 28	1356885 
550 26	1443825 
550 29	1474875 
550 30	1391040 
550 31	1391040 
550 32	1425195 
550 33	1356885 
550 36	1353780 
550 35	1394145 
550 34	1462455 
550 37	1487295 
550 40	1353780 
550 38	1434510 
550 39	1515240 
550 41	1512135 
550 43	1375515 
550 42	1580445 
550 44	1623915 
550 45	1431405 
550 46	1512135 
550 47	1422090 
550 48	1465560 
550 49	1496610 
550 50	1353780 
550 51	1425195 
550 52	1394145 
550 53	1477980 
550 54	1443825 
550 55	1400355 
550 56	1484190 
550 57	1350675 
550 58	1406565 
550 59	1437615 
550 60	1347570 
550 61	1453140 
550 62	1347570 
550 63	1459350 
550 64	1462455 
550 65	1381725 
550 66	1487295 
550 67	1446930 
550 68	1397250 
550 69	1294785 
550 70	1530765 
550 71	1518345 
550 72	1543185 
550 73	1422090 
550 74	1555605 
550 75	1487295 
550 76	1502820 
550 77	1434510 
550 78	1490400 
550 79	1431405 
550 80	1428300 
550 81	1415880 
550 83	1307205 
550 82	1465560 
550 84	1481085 
550 85	1372410 
550 86	1496610 
550 87	1431405 
550 88	1540080 
550 89	1434510 
550 91	1397250 
550 90	1484190 
550 92	1462455 
550 93	1406565 
550 94	1384830 
550 95	1505925 
550 96	1412775 
550 97	1375515 
550 98	1412775 
550 99	1450035 
550 100	1450035 
600 1	1620000 
600 2	1574640 
600 3	1743120 
600 4	1603800 
600 5	1688040 
600 6	1820880 
600 7	1730160 
600 8	1649160 
600 9	1642680 
600 10	1736640 
600 11	1723680 
600 12	1730160 
600 13	1713960 
600 14	1723680 
600 16	1616760 
600 15	1713960 
600 17	1885680 
600 18	1587600 
600 19	1603800 
600 20	1662120 
600 21	1707480 
600 22	1756080 
600 23	1616760 
600 24	1788480 
600 25	1704240 
600 26	1655640 
600 27	1623240 
600 28	1885680 
600 29	1678320 
600 30	1658880 
600 31	1733400 
600 32	1691280 
600 33	1759320 
600 34	1824120 
600 35	1804680 
600 36	1610280 
600 37	1710720 
600 38	1558440 
600 39	1616760 
600 40	1749600 
600 41	1655640 
600 43	1581120 
600 42	1801440 
600 44	1840320 
600 45	1701000 
600 47	1610280 
600 46	1720440 
600 48	1620000 
600 49	1587600 
600 50	1678320 
600 51	1675080 
600 52	1652400 
600 53	1590840 
600 54	1681560 
600 55	1668600 
600 56	1568160 
600 57	1697760 
600 59	1574640 
600 58	1688040 
600 60	1830600 
600 61	1632960 
600 63	1688040 
600 62	1778760 
600 64	1720440 
600 65	1775520 
600 67	1684800 
600 66	1704240 
600 68	1694520 
600 69	1739880 
600 71	1662120 
600 70	1769040 
600 72	1620000 
600 73	1739880 
600 75	1564920 
600 74	1713960 
600 76	1655640 
600 77	1746360 
600 78	1684800 
600 79	1694520 
600 80	1629720 
600 81	1678320 
600 82	1590840 
600 83	1749600 
600 84	1636200 
600 85	1691280 
600 86	1684800 
600 87	1607040 
600 88	1756080 
600 89	1684800 
600 90	1616760 
600 91	1636200 
600 92	1642680 
600 93	1639440 
600 94	1645920 
600 95	1707480 
600 96	1652400 
600 97	1717200 
600 98	1658880 
600 99	1652400 
600 100	1811160 
650 1	1829250 
650 2	1883250 
650 3	1839375 
650 4	1863000 
650 5	1927125 
650 6	1856250 
650 7	1873125 
650 8	1964250 
650 9	1923750 
650 10	1991250 
650 11	1994625 
650 12	1852875 
650 13	1886625 
650 14	1879875 
650 15	1903500 
650 16	1960875 
650 17	1869750 
650 18	1927125 
650 19	1923750 
650 20	1913625 
650 21	2021625 
650 22	1876500 
650 23	1849500 
650 24	1957500 
650 26	1741500 
650 25	2058750 
650 27	1930500 
650 28	1917000 
650 29	1849500 
650 30	1947375 
650 31	1893375 
650 32	1913625 
650 33	2001375 
650 34	1805625 
650 35	1822500 
650 36	1846125 
650 37	1903500 
650 38	1863000 
650 39	1788750 
650 40	1819125 
650 41	1859625 
650 42	1890000 
650 43	1883250 
650 44	1947375 
650 45	1890000 
650 46	2008125 
650 47	1984500 
650 48	2109375 
650 49	1802250 
650 51	1839375 
650 50	1906875 
650 52	2004750 
650 53	1782000 
650 54	1930500 
650 55	1967625 
650 56	2041875 
650 57	2052000 
650 59	1863000 
650 58	2041875 
650 60	2038500 
650 61	2062125 
650 62	2055375 
650 63	2008125 
650 64	1913625 
650 65	1920375 
650 66	1842750 
650 67	1998000 
650 68	1859625 
650 70	1636875 
650 69	1954125 
650 71	1910250 
650 72	1788750 
650 74	1825875 
650 73	1950750 
650 75	1927125 
650 76	1798875 
650 78	1822500 
650 77	1913625 
650 79	1974375 
650 80	1991250 
650 82	1839375 
650 81	1923750 
650 83	1940625 
650 84	1923750 
650 85	1852875 
650 86	1906875 
650 87	1869750 
650 88	1859625 
650 89	1856250 
650 90	1971000 
650 91	1991250 
650 92	1893375 
650 93	1933875 
650 94	1974375 
650 95	1836000 
650 96	2045250 
650 98	1711125 
650 97	1964250 
650 99	1866375 
650 100	1998000 
700 1	2144610 
700 2	2130570 
700 3	2211300 
700 4	2200770 
700 5	2179710 
700 6	2260440 
700 7	2074410 
700 8	2158650 
700 9	2162160 
700 10	2306070 
700 11	2172690 
700 12	2106000 
700 13	2165670 
700 14	2137590 
700 15	2193750 
700 16	2204280 
700 17	2060370 
700 18	2141100 
700 19	2351700 
700 20	2120040 
700 21	2263950 
700 22	2053350 
700 23	2197260 
700 24	2053350 
700 26	2063880 
700 25	2183220 
700 27	2242890 
700 28	2218320 
700 30	2218320 
700 29	2260440 
700 31	2295540 
700 32	2162160 
700 34	2197260 
700 33	2348190 
700 35	1997190 
700 36	2292030 
700 38	2179710 
700 37	2495610 
700 39	2172690 
700 40	2158650 
700 41	2183220 
700 42	2109510 
700 43	2239380 
700 44	2207790 
700 45	1888380 
700 46	2084940 
700 47	2207790 
700 48	2281500 
700 49	2056860 
700 50	2148120 
700 51	2256930 
700 52	2285010 
700 53	2365740 
700 54	2218320 
700 55	2274480 
700 56	2053350 
700 57	2235870 
700 58	2134080 
700 59	2267460 
700 60	2179710 
700 61	2151630 
700 62	2365740 
700 63	2046330 
700 64	2183220 
700 65	2183220 
700 66	2246400 
700 67	2351700 
700 68	2218320 
700 69	2190240 
700 70	2134080 
700 71	2225340 
700 72	2151630 
700 73	2127060 
700 74	2098980 
700 75	2049840 
700 76	2169180 
700 77	2074410 
700 78	2355210 
700 79	2285010 
700 80	2256930 
700 81	2039310 
700 82	2116530 
700 83	2190240 
700 84	2109510 
700 85	2186730 
700 86	2106000 
700 87	2309580 
700 88	2172690 
700 89	2186730 
700 90	2074410 
700 91	2281500 
700 92	2214810 
700 93	2155140 
700 94	2130570 
700 95	2197260 
700 96	2235870 
700 97	2144610 
700 98	2214810 
700 99	2179710 
700 100	2193750 
750 1	2340090 
750 2	2536920 
750 3	2500470 
750 4	2482245 
750 5	2398410 
750 6	2770200 
750 7	2372895 
750 8	2580660 
750 9	2540565 
750 10	2467665 
750 11	2456730 
750 13	2299995 
750 12	2595240 
750 14	2536920 
750 15	2708235 
750 17	2529630 
750 16	2744685 
750 18	2511405 
750 19	2274480 
750 20	2445795 
750 21	2722815 
750 22	2423925 
750 23	2474955 
750 24	2544210 
750 25	2569725 
750 26	2573370 
750 27	2693655 
750 28	2478600 
750 29	2536920 
750 30	2325510 
750 31	2383830 
750 32	2299995 
750 33	2307285 
750 34	2551500 
750 35	2336445 
750 36	2434860 
750 37	2354670 
750 38	2423925 
750 39	2653560 
750 40	2438505 
750 41	2642625 
750 42	2515050 
750 43	2500470 
750 44	2471310 
750 45	2464020 
750 46	2496825 
750 47	2602530 
750 48	2569725 
750 49	2620755 
750 50	2351025 
750 51	2482245 
750 52	2540565 
750 53	2493180 
750 54	2402055 
750 55	2438505 
750 56	2285415 
750 57	2631690 
750 58	2522340 
750 59	2529630 
750 60	2511405 
750 61	2620755 
750 62	2460375 
750 63	2474955 
750 64	2664495 
750 65	2489535 
750 66	2631690 
750 67	2431215 
750 68	2664495 
750 69	2442150 
750 70	2358315 
750 71	2438505 
750 72	2558790 
750 73	2369250 
750 74	2715525 
750 75	2584305 
750 76	2471310 
750 77	2325510 
750 78	2569725 
750 79	2471310 
750 80	2489535 
750 81	2668140 
750 82	2624400 
750 83	2635335 
750 84	2478600 
750 85	2544210 
750 86	2493180 
750 87	2540565 
750 88	2482245 
750 89	2631690 
750 90	2423925 
750 91	2445795 
750 92	2391120 
750 93	2281770 
750 94	2420280 
750 95	2296350 
750 96	2285415 
750 97	2547855 
750 98	2671785 
750 99	2398410 
750 100	2445795 
800 1	2933280 
800 2	2668680 
800 3	2842560 
800 4	2884140 
800 5	2695140 
800 6	2884140 
800 7	2642220 
800 8	2717820 
800 9	2918160 
800 10	2698920 
800 11	2812320 
800 12	2782080 
800 13	2816100 
800 14	2816100 
800 15	2800980 
800 16	2695140 
800 17	2952180 
800 18	2778300 
800 19	2808540 
800 20	2770740 
800 21	2755620 
800 22	2774520 
800 23	2884140 
800 24	2744280 
800 25	2842560 
800 26	2649780 
800 27	2891700 
800 28	2876580 
800 29	2698920 
800 30	2793420 
800 31	2672460 
800 32	2831220 
800 33	2770740 
800 34	2800980 
800 35	2751840 
800 36	2782080 
800 37	2596860 
800 38	2615760 
800 39	2672460 
800 40	2649780 
800 41	2547720 
800 42	2721600 
800 43	2732940 
800 44	2698920 
800 45	2657340 
800 46	2853900 
800 47	2725380 
800 48	2680020 
800 49	2562840 
800 50	2887920 
800 51	2891700 
800 52	2937060 
800 53	2944620 
800 54	2649780 
800 55	2646000 
800 56	2865240 
800 57	2853900 
800 58	2808540 
800 59	2921940 
800 60	2974860 
800 61	2838780 
800 62	2778300 
800 63	2872800 
800 64	2899260 
800 65	2619540 
800 66	2615760 
800 67	2763180 
800 68	2835000 
800 69	2800980 
800 70	2819880 
800 71	2865240 
800 72	2835000 
800 73	2800980 
800 74	2668680 
800 75	2812320 
800 76	2827440 
800 77	2857680 
800 78	2615760 
800 79	2751840 
800 80	2933280 
800 81	2706480 
800 82	2789640 
800 83	2778300 
800 84	2899260 
800 85	2785860 
800 86	2536380 
800 87	2736720 
800 88	2751840 
800 89	2593080 
800 90	2819880 
800 91	2729160 
800 92	2729160 
800 93	2710260 
800 94	2763180 
800 95	2774520 
800 96	2551500 
800 97	2627100 
800 98	2808540 
800 99	3061800 
800 100	3046680 
850 1	3073275 
850 2	3069360 
850 3	3319920 
850 4	3128085 
850 5	2830545 
850 6	3045870 
850 7	3081105 
850 9	3085020 
850 8	3159405 
850 10	3182895 
850 11	3229875 
850 12	3030210 
850 13	3061530 
850 14	3104595 
850 15	2846205 
850 16	2971485 
850 17	3112425 
850 18	3108510 
850 19	3182895 
850 20	3014550 
850 21	3081105 
850 22	2947995 
850 23	3206385 
850 24	3151575 
850 25	3038040 
850 26	2904930 
850 28	3053700 
850 27	3182895 
850 29	3002805 
850 30	3171150 
850 32	3108510 
850 33	2987145 
850 31	3225960 
850 34	3108510 
850 35	2955825 
850 36	2963655 
850 37	2955825 
850 38	3069360 
850 39	3085020 
850 40	3073275 
850 41	3167235 
850 42	3225960 
850 43	2787480 
850 44	2991060 
850 45	3049785 
850 46	3218130 
850 47	2951910 
850 48	3190725 
850 49	3006720 
850 50	3112425 
850 51	3558735 
850 52	3186810 
850 53	3159405 
850 54	3045870 
850 55	3065445 
850 57	3139830 
850 56	3394305 
850 58	3288600 
850 59	3053700 
850 60	3120255 
850 61	2975400 
850 62	3151575 
850 63	3163320 
850 64	2975400 
850 65	2998890 
850 66	2987145 
850 68	2951910 
850 67	3128085 
850 69	3229875 
850 70	3041955 
850 71	3198555 
850 73	2971485 
850 72	3327750 
850 74	2904930 
850 75	3026295 
850 77	3178980 
850 76	3394305 
850 78	3163320 
850 79	3092850 
850 80	3171150 
850 81	3100680 
850 82	3194640 
850 83	2881440 
850 84	2920590 
850 85	3096765 
850 86	3132000 
850 87	3002805 
850 89	3026295 
850 88	3308175 
850 90	3210300 
850 91	3143745 
850 93	3202470 
850 92	3370815 
850 94	3143745 
850 95	3108510 
850 96	2928420 
850 97	3186810 
850 98	2991060 
850 99	3245535 
850 100	3128085 
900 1	3377700 
900 2	3483000 
900 3	3406050 
900 4	3321000 
900 5	3337200 
900 6	3426300 
900 7	3434400 
900 8	3252150 
900 9	3240000 
900 10	3341250 
900 11	3142800 
900 12	3321000 
900 13	3778650 
900 14	3438450 
900 15	3418200 
900 16	3215700 
900 17	3426300 
900 18	3252150 
900 20	3280500 
900 19	3523500 
900 21	3568050 
900 22	3515400 
900 23	3422250 
900 24	3414150 
900 25	3389850 
900 26	3535650 
900 27	3041550 
900 28	3717900 
900 29	3288600 
900 30	3235950 
900 31	3385800 
900 32	3503250 
900 33	3357450 
900 34	3304800 
900 35	3462750 
900 36	3458700 
900 37	3102300 
900 38	3361500 
900 39	3393900 
900 40	3519450 
900 41	3167100 
900 42	3402000 
900 43	3487050 
900 44	3292650 
900 45	3082050 
900 46	3414150 
900 47	3612600 
900 48	3308850 
900 49	3325050 
900 50	3495150 
900 51	3612600 
900 52	3402000 
900 53	3316950 
900 54	3531600 
900 57	3203550 
900 56	3227850 
900 55	3766500 
900 58	3616650 
900 59	3333150 
900 60	3381750 
900 61	3434400 
900 62	3547800 
900 64	3373650 
900 63	3446550 
900 65	3474900 
900 66	3118500 
900 67	3418200 
900 68	3559950 
900 69	3288600 
900 70	3572100 
900 71	3438450 
900 72	3410100 
900 73	3450600 
900 74	3280500 
900 75	3470850 
900 77	3207600 
900 76	3422250 
900 78	3539700 
900 79	3418200 
900 80	3572100 
900 81	3742200 
900 82	3321000 
900 83	3406050 
900 84	3256200 
900 85	3422250 
900 86	3478950 
900 87	3268350 
900 88	3661200 
900 89	3296700 
900 90	3381750 
900 91	3389850 
900 93	3357450 
900 92	3539700 
900 94	3389850 
900 95	3381750 
900 96	3410100 
900 97	3300750 
900 98	3576150 
900 99	3365550 
900 100	3430350 
950 1	3705750 
950 2	3632850 
950 3	3746250 
950 4	3657150 
950 5	3713850 
950 6	4033800 
950 7	3612600 
950 8	3738150 
950 9	3746250 
950 10	3823200 
950 11	3568050 
950 12	3640950 
950 13	3823200 
950 14	3713850 
950 15	3981150 
950 16	3616650 
950 17	3831300 
950 18	3896100 
950 19	3584250 
950 20	3960900 
950 21	3916350 
950 22	3709800 
950 23	4001400 
950 24	3827250 
950 25	3636900 
950 26	3608550 
950 27	3470850 
950 28	3847500 
950 29	3770550 
950 30	3936600 
950 31	3697650 
950 32	3798900 
950 33	4025700 
950 34	3608550 
950 35	3807000 
950 36	3867750 
950 37	3709800 
950 38	3815100 
950 39	3916350 
950 40	4228200 
950 41	3535650 
950 42	3734100 
950 43	3470850 
950 44	3608550 
950 45	3815100 
950 46	3588300 
950 47	3916350 
950 48	3624750 
950 49	3871800 
950 50	3693600 
950 51	3592350 
950 52	3543750 
950 53	3673350 
950 54	3616650 
950 55	3928500 
950 56	3839400 
950 57	4001400 
950 58	3786750 
950 59	3726000 
950 60	3555900 
950 61	3535650 
950 62	3742200 
950 63	3519450 
950 64	3847500 
950 65	3438450 
950 66	3661200 
950 67	3956850 
950 68	3819150 
950 69	3839400 
950 70	3515400 
950 71	3904200 
950 72	3531600 
950 73	3677400 
950 74	3632850 
950 75	3774600 
950 76	3612600 
950 77	3948750 
950 78	4054050 
950 79	3717900 
950 80	3450600 
950 81	3559950 
950 82	3616650 
950 83	3580200 
950 84	3952800 
950 85	3730050 
950 86	3721950 
950 87	3636900 
950 88	3568050 
950 89	3730050 
950 90	3786750 
950 91	3839400 
950 92	3377700 
950 93	3402000 
950 94	3778650 
950 95	3883950 
950 96	3734100 
950 97	3535650 
950 98	3766500 
950 100	3353400 
950 99	3742200 
1000 1	3791610 
1000 2	3770685 
1000 3	4021785 
1000 4	4072005 
1000 5	4205925 
1000 6	4415175 
1000 7	3820905 
1000 8	4168260 
1000 9	4431915 
1000 10	4084560 
1000 11	4218480 
1000 12	3774870 
1000 13	3929715 
1000 16	3854385 
1000 15	4201740 
1000 14	4431915 
1000 17	4268700 
1000 20	4076190 
1000 19	4138965 
1000 18	4398435 
1000 21	4176630 
1000 22	3975750 
1000 23	4118040 
1000 24	4264515 
1000 25	4172445 
1000 26	3862755 
1000 28	3808350 
1000 27	4193370 
1000 29	3959010 
1000 30	4021785 
1000 31	4076190 
1000 32	4289625 
1000 33	4302180 
1000 34	3829275 
1000 35	4092930 
1000 36	4046895 
1000 37	4159890 
1000 38	4034340 
1000 39	3933900 
1000 40	3946455 
1000 41	4118040 
1000 42	4021785 
1000 43	4210110 
1000 44	4113855 
1000 45	3921345 
1000 46	4214295 
1000 47	4277070 
1000 48	4205925 
1000 49	3892050 
1000 50	4172445 
1000 52	4113855 
1000 51	4197555 
1000 53	4193370 
1000 54	4402620 
1000 56	4130595 
1000 55	4164075 
1000 57	4185000 
1000 58	3925530 
1000 60	4118040 
1000 59	4231035 
1000 61	4017600 
1000 62	4143150 
1000 63	4176630 
1000 64	4473765 
1000 65	4151520 
1000 66	4101300 
1000 67	4122225 
1000 68	3925530 
1000 69	4205925 
1000 70	3841830 
1000 72	4126410 
1000 71	4289625 
1000 73	4197555 
1000 74	3804165 
1000 76	3770685 
1000 75	4172445 
1000 77	4364955 
1000 78	4109670 
1000 79	3900420 
1000 80	3950640 
1000 81	3866940 
1000 82	4080375 
1000 83	3846015 
1000 84	4072005 
1000 85	4092930 
1000 86	4256145 
1000 87	4226850 
1000 88	3963195 
1000 89	4005045 
1000 90	4272885 
1000 91	3762315 
1000 92	4201740 
1000 93	4423545 
1000 94	4118040 
1000 95	4318920 
1000 96	4172445 
1000 97	4009230 
1000 98	3854385 
1000 99	3963195 
1000 100	4151520 
