0.05 1	2491160 
0.05 2	2530220 
0.05 3	2599660 
0.05 4	2642750 
0.05 5	2470080 
0.05 8	2538590 
0.05 7	2578890 
0.05 6	2770470 
0.05 9	2607410 
0.05 10	2643990 
0.05 11	2696070 
0.05 12	2720250 
0.05 13	2474420 
0.05 15	2455510 
0.05 14	2798990 
0.05 16	2705990 
0.05 17	2577960 
0.05 18	2693590 
0.05 19	2510690 
0.05 20	2626010 
0.05 21	2570520 
0.05 22	2446210 
0.05 23	2632210 
0.05 24	2562150 
0.05 25	2565870 
0.05 26	2699170 
0.05 27	2460470 
0.05 28	2613300 
0.05 29	2494260 
0.05 30	2477830 
0.05 31	2562770 
0.05 32	2554400 
0.05 33	2689560 
0.05 34	2397540 
0.05 35	2611440 
0.05 36	2596250 
0.05 37	2496120 
0.05 38	2575170 
0.05 39	2676230 
0.05 40	2587260 
0.05 42	2389480 
0.05 41	2789070 
0.05 43	2411800 
0.05 44	2666930 
0.05 45	2510380 
0.05 46	2832160 
0.05 47	2653290 
0.05 48	2480930 
0.05 49	2528670 
0.05 50	2480930 
0.05 51	2565870 
0.05 52	2658560 
0.05 53	2568660 
0.05 55	2620120 
0.05 54	2609890 
0.05 56	2612060 
0.05 57	2405290 
0.05 58	2507280 
0.05 59	2553780 
0.05 60	2426060 
0.05 61	2641510 
0.05 63	2510380 
0.05 62	2629110 
0.05 64	2568350 
0.05 65	2514720 
0.05 67	2537660 
0.05 66	2754970 
0.05 68	2564940 
0.05 69	2580440 
0.05 70	2645230 
0.05 71	2638410 
0.05 72	2542930 
0.05 73	2523400 
0.05 74	2539520 
0.05 75	2530220 
0.05 76	2678710 
0.05 77	2720250 
0.05 78	2496120 
0.05 79	2536110 
0.05 80	2736990 
0.05 81	2519990 
0.05 82	2601210 
0.05 83	2577030 
0.05 84	2591290 
0.05 85	2629110 
0.05 86	2457370 
0.05 87	2477520 
0.05 88	2601830 
0.05 89	2589430 
0.05 90	2584470 
0.05 91	2621670 
0.05 92	2569900 
0.05 93	2639030 
0.05 94	2742570 
0.05 95	2736990 
0.05 96	2422960 
0.05 97	2773880 
0.05 98	2552850 
0.05 99	2699790 
0.05 100	2749390 
0.1 1	1687950 
0.1 2	1774130 
0.1 3	1763280 
0.1 4	1722360 
0.1 5	1756460 
0.1 6	1675550 
0.1 7	1797070 
0.1 8	1714610 
0.1 9	1753050 
0.1 10	1839850 
0.1 11	1740340 
0.1 12	1869300 
0.1 13	1811330 
0.1 14	1747160 
0.1 15	1664700 
0.1 16	1894100 
0.1 17	1828070 
0.1 18	1867750 
0.1 19	1665320 
0.1 20	1770100 
0.1 21	1899990 
0.1 22	1744990 
0.1 23	1922930 
0.1 24	1805130 
0.1 25	1794590 
0.1 26	1696630 
0.1 27	1737550 
0.1 28	1778160 
0.1 29	1767620 
0.1 31	1616030 
0.1 30	1965710 
0.1 32	1855040 
0.1 33	1698180 
0.1 35	1587200 
0.1 34	1863410 
0.1 36	1757080 
0.1 37	1725460 
0.1 38	1837990 
0.1 39	1806680 
0.1 40	1747160 
0.1 41	1676790 
0.1 42	1770720 
0.1 43	1769170 
0.1 44	1727010 
0.1 45	1801720 
0.1 46	1843570 
0.1 47	1847910 
0.1 48	1736310 
0.1 49	1740340 
0.1 50	1697250 
0.1 51	1775370 
0.1 52	1572630 
0.1 53	1722980 
0.1 54	1726080 
0.1 55	1611380 
0.1 56	1677410 
0.1 57	1839540 
0.1 58	1835200 
0.1 59	1796760 
0.1 60	1767310 
0.1 61	1758010 
0.1 63	1582860 
0.1 62	1692290 
0.1 64	1895960 
0.1 65	1824350 
0.1 67	1628740 
0.1 66	1897200 
0.1 68	1725770 
0.1 69	1904640 
0.1 70	1799550 
0.1 71	1884180 
0.1 72	1870230 
0.1 73	1612620 
0.1 74	1675550 
0.1 75	1801100 
0.1 76	1668420 
0.1 77	1789320 
0.1 78	1782810 
0.1 79	1806990 
0.1 80	1667180 
0.1 81	1672760 
0.1 82	1919830 
0.1 83	1681440 
0.1 84	1843570 
0.1 85	1756150 
0.1 86	1554960 
0.1 87	1814430 
0.1 88	1891310 
0.1 90	1712130 
0.1 89	1964780 
0.1 91	1532640 
0.1 92	1739720 
0.1 93	1753360 
0.1 94	1813500 
0.1 95	1715850 
0.1 96	1778160 
0.1 97	1803580 
0.1 99	1698800 
0.1 98	1853800 
0.1 100	1898750 
0.15 1	1580380 
0.15 2	1426930 
0.15 3	1492650 
0.15 4	1435300 
0.15 5	1452660 
0.15 7	1439020 
0.15 6	1559610 
0.15 8	1486760 
0.15 9	1479010 
0.15 11	1364620 
0.15 10	1593710 
0.15 12	1456070 
0.15 13	1492960 
0.15 14	1500090 
0.15 15	1370510 
0.15 16	1519930 
0.15 18	1354700 
0.15 17	1502260 
0.15 19	1529540 
0.15 20	1473430 
0.15 21	1399340 
0.15 22	1446150 
0.15 23	1562710 
0.15 24	1463510 
0.15 25	1508150 
0.15 26	1458240 
0.15 27	1475600 
0.15 28	1397480 
0.15 29	1440260 
0.15 30	1438710 
0.15 31	1432820 
0.15 32	1318430 
0.15 34	1457310 
0.15 33	1511560 
0.15 35	1495130 
0.15 36	1536050 
0.15 37	1454210 
0.15 38	1482110 
0.15 39	1569530 
0.15 40	1549070 
0.15 41	1457620 
0.15 42	1554650 
0.15 43	1483660 
0.15 44	1458860 
0.15 45	1479320 
0.15 46	1623160 
0.15 47	1593090 
0.15 48	1481180 
0.15 49	1538530 
0.15 50	1432820 
0.15 51	1437160 
0.15 52	1384770 
0.15 53	1493270 
0.15 54	1479940 
0.15 55	1502260 
0.15 56	1394070 
0.15 57	1502260 
0.15 58	1449250 
0.15 59	1462270 
0.15 60	1417630 
0.15 61	1464440 
0.15 62	1468470 
0.15 63	1263870 
0.15 64	1378260 
0.15 65	1486450 
0.15 66	1391590 
0.15 67	1448940 
0.15 68	1468780 
0.15 70	1412980 
0.15 69	1501640 
0.15 71	1426930 
0.15 72	1469090 
0.15 73	1452350 
0.15 75	1486760 
0.15 74	1592780 
0.15 76	1465990 
0.15 78	1426310 
0.15 77	1609520 
0.15 79	1536360 
0.15 80	1500090 
0.15 81	1409570 
0.15 82	1440260 
0.15 83	1429100 
0.15 84	1461340 
0.15 85	1412670 
0.15 86	1426310 
0.15 87	1490790 
0.15 88	1469090 
0.15 89	1452350 
0.15 90	1386320 
0.15 91	1461960 
0.15 92	1554960 
0.15 93	1425070 
0.15 94	1481800 
0.15 95	1465990 
0.15 96	1596810 
0.15 97	1388800 
0.15 98	1560540 
0.15 99	1570150 
0.15 100	1436850 
0.2 1	1315950 
0.2 2	1265730 
0.2 3	1222020 
0.2 4	1377950 
0.2 5	1308820 
0.2 7	1291460 
0.2 6	1417630 
0.2 8	1399030 
0.2 9	1250850 
0.2 11	1233490 
0.2 10	1224190 
0.2 12	1457620 
0.2 13	1347880 
0.2 14	1313780 
0.2 15	1352530 
0.2 16	1309130 
0.2 17	1266660 
0.2 18	1355630 
0.2 19	1388800 
0.2 21	1230390 
0.2 20	1387560 
0.2 22	1335790 
0.2 23	1291150 
0.2 24	1288670 
0.2 25	1350670 
0.2 27	1277820 
0.2 26	1395930 
0.2 28	1342610 
0.2 29	1377330 
0.2 30	1339200 
0.2 31	1337030 
0.2 32	1335480 
0.2 33	1310370 
0.2 35	1266040 
0.2 34	1369890 
0.2 36	1351600 
0.2 37	1206520 
0.2 39	1288050 
0.2 38	1438090 
0.2 40	1280920 
0.2 41	1342920 
0.2 42	1423520 
0.2 43	1371440 
0.2 44	1266040 
0.2 45	1272860 
0.2 47	1298900 
0.2 46	1349120 
0.2 48	1246200 
0.2 49	1406160 
0.2 50	1345090 
0.2 51	1346950 
0.2 52	1264180 
0.2 53	1388180 
0.2 54	1283090 
0.2 55	1355940 
0.2 56	1390970 
0.2 57	1145450 
0.2 58	1309440 
0.2 59	1384460 
0.2 60	1341990 
0.2 61	1269140 
0.2 62	1287740 
0.2 63	1383840 
0.2 64	1214270 
0.2 65	1289600 
0.2 66	1371130 
0.2 67	1238140 
0.2 68	1268830 
0.2 69	1304170 
0.2 70	1384770 
0.2 71	1469710 
0.2 72	1310370 
0.2 73	1271620 
0.2 74	1150410 
0.2 76	1225740 
0.2 75	1275960 
0.2 77	1344780 
0.2 78	1364000 
0.2 79	1356250 
0.2 80	1335790 
0.2 81	1310060 
0.2 82	1281850 
0.2 84	1252400 
0.2 83	1371130 
0.2 85	1259530 
0.2 86	1426620 
0.2 87	1279370 
0.2 88	1351290 
0.2 89	1352220 
0.2 90	1372370 
0.2 91	1321220 
0.2 92	1243100 
0.2 93	1359970 
0.2 94	1388180 
0.2 95	1362760 
0.2 96	1370510 
0.2 97	1300140 
0.2 98	1290220 
0.2 99	1286810 
0.2 100	1245270 
0.25 1	1213650 
0.25 2	1144520 
0.25 3	1227290 
0.25 4	1191330 
0.25 5	1271310 
0.25 6	1255190 
0.25 8	1096470 
0.25 7	1262940 
0.25 9	1105460 
0.25 10	1248680 
0.25 11	1248060 
0.25 12	1135840 
0.25 13	1129020 
0.25 14	1228220 
0.25 16	1204040 
0.25 15	1320600 
0.25 17	1302000 
0.25 18	1107630 
0.25 19	1197220 
0.25 20	1315640 
0.25 21	1258600 
0.25 22	1318120 
0.25 23	1320910 
0.25 24	1291150 
0.25 25	1116000 
0.25 26	1244030 
0.25 27	1244960 
0.25 28	1252400 
0.25 29	1291770 
0.25 30	1237520 
0.25 31	1193190 
0.25 32	1204660 
0.25 33	1288670 
0.25 34	1365860 
0.25 35	1398100 
0.25 36	1258600 
0.25 37	1258910 
0.25 38	1148550 
0.25 40	1169630 
0.25 41	1216130 
0.25 39	1364930 
0.25 42	1189780 
0.25 43	1117860 
0.25 44	1122820 
0.25 45	1255500 
0.25 47	1205900 
0.25 46	1407400 
0.25 48	1122200 
0.25 49	1189470 
0.25 52	1123440 
0.25 50	1219850 
0.25 51	1248060 
0.25 53	1289600 
0.25 54	1244650 
0.25 55	1225740 
0.25 56	1224810 
0.25 57	1178930 
0.25 58	1275030 
0.25 60	1181410 
0.25 59	1232250 
0.25 61	1152270 
0.25 63	1206830 
0.25 62	1298590 
0.25 64	1292390 
0.25 65	1036640 
0.25 66	1211790 
0.25 67	1188850 
0.25 68	1268210 
0.25 69	1230700 
0.25 70	1258290 
0.25 71	1266970 
0.25 72	1194430 
0.25 73	1189780 
0.25 75	1139870 
0.25 74	1178310 
0.25 76	1146070 
0.25 77	1222950 
0.25 80	1133670 
0.25 78	1251160 
0.25 81	1227290 
0.25 79	1382600 
0.25 83	1194740 
0.25 82	1287430 
0.25 85	1198150 
0.25 84	1271000 
0.25 87	1218610 
0.25 86	1300760 
0.25 89	1175520 
0.25 88	1273480 
0.25 91	1161260 
0.25 90	1301380 
0.25 93	1146070 
0.25 92	1198460 
0.25 94	1184200 
0.25 95	1210240 
0.25 96	1217060 
0.25 97	1204040 
0.25 98	1189470 
0.25 99	1157230 
0.25 100	1295180 
0.3 1	1316260 
0.3 2	1085930 
0.3 3	1084380 
0.3 4	1187300 
0.3 5	1239690 
0.3 6	1216440 
0.3 7	1155990 
0.3 8	1057410 
0.3 9	1160020 
0.3 11	1013700 
0.3 10	1137390 
0.3 12	1189780 
0.3 13	1187300 
0.3 14	1191020 
0.3 15	1239070 
0.3 16	1177690 
0.3 17	1173660 
0.3 18	1150410 
0.3 19	1191330 
0.3 20	1235660 
0.3 21	1105770 
0.3 22	1090890 
0.3 23	1217370 
0.3 24	1142040 
0.3 25	1139870 
0.3 26	1162190 
0.3 27	1099570 
0.3 28	1169940 
0.3 29	1136460 
0.3 30	1143900 
0.3 31	1221710 
0.3 32	1193810 
0.3 33	1322150 
0.3 34	1226670 
0.3 35	1083140 
0.3 36	1189470 
0.3 37	1281850 
0.3 38	1158160 
0.3 39	1151340 
0.3 40	1166530 
0.3 41	1207760 
0.3 42	1182340 
0.3 43	1209930 
0.3 44	1195980 
0.3 45	1208380 
0.3 46	1215820 
0.3 47	1122200 
0.3 48	1104840 
0.3 49	1205590 
0.3 50	1176140 
0.3 51	1143900 
0.3 52	1171800 
0.3 53	1115070 
0.3 54	1071980 
0.3 55	1183890 
0.3 56	1247750 
0.3 57	1078180 
0.3 58	1056170 
0.3 59	1186990 
0.3 60	1155990 
0.3 61	1194740 
0.3 62	1059890 
0.3 63	1095230 
0.3 64	1073220 
0.3 65	1103600 
0.3 66	1127160 
0.3 67	1109180 
0.3 68	1168080 
0.3 69	1296420 
0.3 70	1191950 
0.3 71	1156610 
0.3 72	1098020 
0.3 73	1190400 
0.3 74	1122820 
0.3 75	1226360 
0.3 76	1096470 
0.3 77	1183890 
0.3 78	1128710 
0.3 79	1142970 
0.3 80	1111970 
0.3 82	1067640 
0.3 81	1256740 
0.3 83	1103600 
0.3 84	1179240 
0.3 85	1081900 
0.3 86	1161570 
0.3 87	1086240 
0.3 88	1285260 
0.3 89	1198150 
0.3 90	1179240 
0.3 91	1203110 
0.3 92	1241550 
0.3 93	1146070 
0.3 94	1207760 
0.3 95	1072910 
0.3 96	1155370 
0.3 97	1197530 
0.3 98	1110420 
0.3 99	1218300 
0.3 100	1194120 
0.35 1	1207760 
0.35 2	1111350 
0.35 3	1099260 
0.35 4	1151960 
0.35 5	1107010 
0.35 6	1182340 
0.35 7	1122820 
0.35 8	1243100 
0.35 10	1038190 
0.35 9	1229150 
0.35 11	1188230 
0.35 12	1115070 
0.35 13	1084070 
0.35 14	1148860 
0.35 15	1170870 
0.35 16	1110420 
0.35 17	1098950 
0.35 18	1047180 
0.35 19	1246820 
0.35 20	1164980 
0.35 21	1118790 
0.35 22	1107010 
0.35 23	1192570 
0.35 24	1064850 
0.35 25	1181720 
0.35 26	1280920 
0.35 27	1093680 
0.35 28	1160950 
0.35 29	1226360 
0.35 30	1146070 
0.35 31	1106390 
0.35 32	1117860 
0.35 33	1083450 
0.35 34	1078800 
0.35 35	1140490 
0.35 36	1093990 
0.35 37	1095230 
0.35 38	1098020 
0.35 39	1238140 
0.35 40	1133670 
0.35 41	1088720 
0.35 42	1132740 
0.35 43	1159090 
0.35 44	1048110 
0.35 45	1051830 
0.35 46	1251470 
0.35 47	1117860 
0.35 48	1001300 
0.35 49	1062370 
0.35 50	1169630 
0.35 51	1199700 
0.35 52	1107630 
0.35 53	1122510 
0.35 54	1078490 
0.35 55	1120650 
0.35 56	1133670 
0.35 57	1073840 
0.35 58	1155680 
0.35 59	1148860 
0.35 60	1089650 
0.35 61	1062990 
0.35 62	1065780 
0.35 63	1105150 
0.35 64	1166530 
0.35 65	1076630 
0.35 66	1102670 
0.35 67	1105150 
0.35 69	1086860 
0.35 68	1243410 
0.35 70	1145760 
0.35 71	1107940 
0.35 72	1120030 
0.35 73	1093060 
0.35 74	1048110 
0.35 75	1099880 
0.35 77	1118170 
0.35 76	1144520 
0.35 78	1202800 
0.35 79	1125610 
0.35 80	1072910 
0.35 81	1098950 
0.35 82	1038810 
0.35 83	1111350 
0.35 84	1228840 
0.35 85	1230080 
0.35 86	1165290 
0.35 87	1232560 
0.35 88	1057100 
0.35 89	1133980 
0.35 90	1133360 
0.35 91	1186060 
0.35 92	1107940 
0.35 93	1095230 
0.35 94	1216130 
0.35 96	1003160 
0.35 95	1207760 
0.35 97	1153510 
0.35 98	1131810 
0.35 99	1109180 
0.4 1	1099260 
0.35 100	1181410 
0.4 2	1086550 
0.4 3	1152580 
0.4 5	1064230 
0.4 4	1100190 
0.4 6	1145450 
0.4 7	1095230 
0.4 8	1069190 
0.4 9	1067640 
0.4 10	1020520 
0.4 11	991070 
0.4 13	987970 
0.4 12	1065470 
0.4 14	1048730 
0.4 15	1102360 
0.4 16	1065780 
0.4 17	1181100 
0.4 18	1061130 
0.4 19	1114760 
0.4 20	1049660 
0.4 21	1056790 
0.4 22	1096780 
0.4 24	1139560 
0.4 23	1172730 
0.4 25	1036020 
0.4 26	1059580 
0.4 27	1040360 
0.4 28	987970 
0.4 29	1067020 
0.4 30	1162810 
0.4 32	1063920 
0.4 31	1201250 
0.4 33	1167770 
0.4 34	1066400 
0.4 35	1145140 
0.4 36	1066090 
0.4 37	1126540 
0.4 38	1195050 
0.4 40	1054620 
0.4 39	1106080 
0.4 41	1127780 
0.4 42	1166530 
0.4 43	1167770 
0.4 44	1159090 
0.4 45	1113830 
0.4 46	1044700 
0.4 47	1122510 
0.4 48	1096470 
0.4 49	1148860 
0.4 50	1073840 
0.4 52	1045320 
0.4 51	1115380 
0.4 53	1169010 
0.4 54	1096470 
0.4 55	1037260 
0.4 56	1185130 
0.4 57	1142660 
0.4 58	1065780 
0.4 59	1107940 
0.4 60	1043460 
0.4 61	1128710 
0.4 62	1094610 
0.4 63	1070430 
0.4 64	1011220 
0.4 65	1133360 
0.4 66	1059270 
0.4 67	1018970 
0.4 68	1192570 
0.4 69	1101120 
0.4 70	1091200 
0.4 71	1032300 
0.4 72	1089960 
0.4 73	1025790 
0.4 74	1154750 
0.4 75	1085930 
0.4 76	1149790 
0.4 77	1080660 
0.4 78	1177070 
0.4 79	1062680 
0.4 80	1028580 
0.4 81	1116000 
0.4 82	1125920 
0.4 83	1107940 
0.4 84	1024240 
0.4 85	1154440 
0.4 86	1115690 
0.4 87	1096470 
0.4 88	1186680 
0.4 89	1005950 
0.4 90	1111040 
0.4 91	1133670 
0.4 92	1072910 
0.4 93	1141110 
0.4 94	1054310 
0.4 95	1035710 
0.4 96	1066710 
0.4 97	1103600 
0.4 98	1148240 
0.4 99	1102360 
0.4 100	1126540 
0.45 1	1080970 
0.45 3	1029510 
0.45 2	1071050 
0.45 4	1057410 
0.45 5	1003780 
0.45 6	1032300 
0.45 7	1088410 
0.45 8	1037570 
0.45 9	1173350 
0.45 10	1180790 
0.45 11	1147930 
0.45 12	1108250 
0.45 13	1022380 
0.45 14	1068260 
0.45 15	1092750 
0.45 16	1195360 
0.45 17	1065780 
0.45 18	1147930 
0.45 19	1055240 
0.45 20	1053380 
0.45 21	1138940 
0.45 23	1069810 
0.45 22	1172110 
0.45 24	1033540 
0.45 25	1080660 
0.45 26	1096780 
0.45 27	1117240 
0.45 28	1046250 
0.45 29	1122510 
0.45 30	1035400 
0.45 31	1137700 
0.45 32	1112900 
0.45 33	1095230 
0.45 34	1056480 
0.45 35	1141730 
0.45 36	1130880 
0.45 37	1060820 
0.45 38	1129330 
0.45 39	1084070 
0.45 40	1081900 
0.45 41	1021760 
0.45 42	1191950 
0.45 43	1058340 
0.45 44	1061130 
0.45 45	994790 
0.45 46	1005330 
0.45 47	993550 
0.45 48	1044390 
0.45 49	1159710 
0.45 50	1052760 
0.45 51	1095540 
0.45 52	1124990 
0.45 53	1095850 
0.45 54	1102360 
0.45 55	1024240 
0.45 56	1003780 
0.45 57	1170560 
0.45 58	1089340 
0.45 59	1193500 
0.45 60	1126850 
0.45 61	1074460 
0.45 62	1197840 
0.45 63	1092440 
0.45 64	1084690 
0.45 65	1062990 
0.45 66	1136150 
0.45 67	1094300 
0.45 68	1042220 
0.45 69	998510 
0.45 70	998820 
0.45 71	1147930 
0.45 72	1033540 
0.45 73	981150 
0.45 74	999440 
0.45 75	1098950 
0.45 77	1032920 
0.45 76	1248990 
0.45 78	1000990 
0.45 79	1034470 
0.45 80	1061440 
0.45 81	1053690 
0.45 82	1005640 
0.45 83	1152890 
0.45 85	1014320 
0.45 84	1100500 
0.45 86	1246820 
0.45 87	1115380 
0.45 88	1157850 
0.45 89	1104530 
0.45 90	993860 
0.45 91	1094920 
0.45 93	1065470 
0.45 92	1088720 
0.45 94	1041910 
0.45 95	1013390 
0.45 96	1045940 
0.45 97	1233490 
0.45 98	1117550 
0.45 99	1102360 
0.45 100	1142660 
0.5 1	1048730 
0.5 2	1015870 
0.5 3	1009050 
0.5 4	1049040 
0.5 5	1122510 
0.5 6	1036330 
0.5 7	1021140 
0.5 8	1002230 
0.5 9	1031680 
0.5 10	1157230 
0.5 11	1077250 
0.5 12	992310 
0.5 13	1039740 
0.5 14	1028890 
0.5 15	1065780 
0.5 16	1099570 
0.5 17	1101430 
0.5 18	1081280 
0.5 19	1017110 
0.5 20	1026720 
0.5 21	1044700 
0.5 22	1060200 
0.5 23	1055860 
0.5 24	942710 
0.5 25	1119100 
0.5 26	987350 
0.5 27	1145760 
0.5 28	1050590 
0.5 29	969370 
0.5 30	1037570 
0.5 31	1139870 
0.5 32	1115690 
0.5 33	1010600 
0.5 34	1080040 
0.5 35	974950 
0.5 36	1065160 
0.5 37	985180 
0.5 38	1073530 
0.5 39	1015560 
0.5 40	1112590 
0.5 41	1056170 
0.5 42	1098950 
0.5 43	1116000 
0.5 44	1066090 
0.5 45	1071670 
0.5 46	1131190 
0.5 47	1054620 
0.5 49	1078180 
0.5 48	1119100 
0.5 50	1063920 
0.5 51	1045940 
0.5 53	1017730 
0.5 52	1067020 
0.5 54	1036020 
0.5 55	1088100 
0.5 57	1124370 
0.5 56	1071050 
0.5 58	1005640 
0.5 59	965960 
0.5 60	1073220 
0.5 61	1036640 
0.5 62	1059890 
0.5 63	1007190 
0.5 65	1156300 
0.5 64	1123750 
0.5 66	1086550 
0.5 67	1046560 
0.5 69	1040980 
0.5 68	1082520 
0.5 70	996030 
0.5 71	1012770 
0.5 72	984560 
0.5 73	979290 
0.5 74	1082210 
0.5 75	1073840 
0.5 77	1018350 
0.5 76	1075700 
0.5 78	1057410 
0.5 79	1111040 
0.5 80	956970 
0.5 81	1078800 
0.5 82	1126230 
0.5 83	1128090 
0.5 84	1012460 
0.5 85	1043460 
0.5 86	1044390 
0.5 87	1041290 
0.5 88	1060820 
0.5 89	1059580 
0.5 90	997890 
0.5 91	1070430 
0.5 92	959450 
0.5 93	1105460 
0.5 94	987970 
0.5 95	1041290 
0.5 96	1065780 
0.5 97	1095850 
0.5 98	1065160 
0.5 99	1096780 
0.5 100	1076630 
0.55 1	1092130 
0.55 2	1165600 
0.55 3	1038810 
0.55 4	1055550 
0.55 5	1083140 
0.55 6	993240 
0.55 7	1072600 
0.55 8	1037570 
0.55 9	1061440 
0.55 10	1042220 
0.55 11	1111660 
0.55 12	1019590 
0.55 13	999130 
0.55 14	1145140 
0.55 15	935890 
0.55 16	1031370 
0.55 17	1083450 
0.55 18	996340 
0.55 19	1011530 
0.55 20	1000990 
0.55 21	1004710 
0.55 22	1075080 
0.55 23	984870 
0.55 24	1042840 
0.55 25	1112280 
0.55 26	1026100 
0.55 27	1035400 
0.55 28	1096160 
0.55 29	1024240 
0.55 30	1003780 
0.55 31	1060820 
0.55 32	992310 
0.55 33	1022690 
0.55 34	1154750 
0.55 35	1047800 
0.55 36	1030750 
0.55 37	1092440 
0.55 38	1023310 
0.55 40	1019280 
0.55 39	1080040 
0.55 41	1145450 
0.55 42	1151960 
0.55 44	1023310 
0.55 43	1064540 
0.55 45	970300 
0.55 46	1109180 
0.55 48	1080660 
0.55 47	1129950 
0.55 49	1092130 
0.55 50	1114450 
0.55 52	1064850 
0.55 51	1121580 
0.55 53	1026720 
0.55 54	954800 
0.55 56	897450 
0.55 55	1048420 
0.55 57	1070740 
0.55 58	1005330 
0.55 59	1020210 
0.55 60	1068880 
0.55 61	1102670 
0.55 62	1011840 
0.55 63	1035400 
0.55 64	1116000 
0.55 65	1049970 
0.55 66	1004090 
0.55 67	1097710 
0.55 68	997890 
0.55 69	997270 
0.55 70	1125610 
0.55 71	975570 
0.55 72	934340 
0.55 73	1195050 
0.55 74	1055240 
0.55 75	1108250 
0.55 76	1116310 
0.55 77	1093990 
0.55 78	1079420 
0.55 80	1002230 
0.55 79	1097400 
0.55 81	1042530 
0.55 82	998820 
0.55 84	1061130 
0.55 83	1140180 
0.55 85	1124680 
0.55 86	1071670 
0.55 87	1027340 
0.55 88	1125920 
0.55 89	1030440 
0.55 90	1099880 
0.55 91	1107010 
0.55 92	1084690 
0.55 93	1132430 
0.55 94	970300 
0.55 95	999440 
0.55 96	1026720 
0.55 97	1199700 
0.55 98	1101430 
0.55 99	1053070 
0.55 100	1059580 
0.6 1	983940 
0.6 3	980840 
0.6 2	1048730 
0.6 4	996030 
0.6 5	1026720 
0.6 6	1001920 
0.6 7	1063920 
0.6 8	1030130 
0.6 9	1042220 
0.6 10	1023620 
0.6 11	1062680 
0.6 12	1047180 
0.6 13	996960 
0.6 14	1098020 
0.6 15	1075080 
0.6 16	931860 
0.6 17	1015560 
0.6 19	1032920 
0.6 18	1114450 
0.6 20	1016180 
0.6 21	997890 
0.6 22	950460 
0.6 23	1119100 
0.6 24	1057100 
0.6 25	1008740 
0.6 26	1041600 
0.6 28	1023310 
0.6 27	1065780 
0.6 29	1091820 
0.6 30	1120340 
0.6 31	992930 
0.6 32	1079110 
0.6 33	1110110 
0.6 34	1081590 
0.6 35	1091510 
0.6 36	1029200 
0.6 37	1029820 
0.6 39	1095540 
0.6 38	1114450 
0.6 40	1075390 
0.6 41	1080040 
0.6 42	990450 
0.6 44	1019900 
0.6 43	1145450 
0.6 45	1080660 
0.6 46	968750 
0.6 48	1015870 
0.6 47	1117860 
0.6 50	1013080 
0.6 49	1062060 
0.6 51	1014010 
0.6 52	1083760 
0.6 54	1041910 
0.6 53	1135530 
0.6 55	998820 
0.6 56	1147930 
0.6 59	927210 
0.6 57	1100810 
0.6 58	1026720 
0.6 60	1054310 
0.6 63	1000990 
0.6 62	1051830 
0.6 61	1071050 
0.6 64	1002850 
0.6 65	1053380 
0.6 67	1015870 
0.6 66	1121580 
0.6 68	1058340 
0.6 70	969990 
0.6 69	1001920 
0.6 71	1070740 
0.6 72	1045940 
0.6 73	951080 
0.6 74	1122820 
0.6 75	1191640 
0.6 76	1076940 
0.6 77	1128400 
0.6 78	1142350 
0.6 79	1011220 
0.6 80	958210 
0.6 82	1029200 
0.6 81	1215820 
0.6 83	1034160 
0.6 84	1065470 
0.6 85	961620 
0.6 86	1063300 
0.6 87	1009360 
0.6 88	985490 
0.6 89	1004710 
0.6 90	1103910 
0.6 91	1106080 
0.6 92	1043770 
0.6 93	1017110 
0.6 94	1022070 
0.6 96	1031060 
0.6 95	1154440 
0.6 97	1043770 
0.6 98	1027340 
0.6 99	1082830 
0.6 100	1043460 
0.65 1	1026100 
0.65 2	1011840 
0.65 3	1024550 
0.65 4	1162500 
0.65 5	1058030 
0.65 6	999440 
0.65 7	1000370 
0.65 8	1102360 
0.65 9	980840 
0.65 10	1099260 
0.65 11	1075080 
0.65 12	1080970 
0.65 13	1032610 
0.65 14	1043460 
0.65 15	1021140 
0.65 16	1086550 
0.65 17	1025790 
0.65 18	1072910 
0.65 19	1032300 
0.65 20	1027650 
0.65 21	1085310 
0.65 22	1067640 
0.65 23	1086550 
0.65 24	1043770 
0.65 25	1044080 
0.65 26	1005020 
0.65 27	1016800 
0.65 28	993550 
0.65 29	928760 
0.65 30	1027030 
0.65 31	1020520 
0.65 32	1006260 
0.65 33	1084380 
0.65 34	1037260 
0.65 35	1155680 
0.65 36	983940 
0.65 37	1102050 
0.65 38	1063300 
0.65 39	1078800 
0.65 40	1034780 
0.65 41	1135840 
0.65 42	1066710 
0.65 43	1023310 
0.65 44	1122200 
0.65 45	1139560 
0.65 46	1051520 
0.65 47	967200 
0.65 48	1089030 
0.65 49	1073840 
0.65 50	1074460 
0.65 51	982080 
0.65 52	1051210 
0.65 53	978050 
0.65 54	1023000 
0.65 55	1017420 
0.65 56	1110110 
0.65 57	969680 
0.65 58	1021450 
0.65 59	1054930 
0.65 60	1007500 
0.65 61	996960 
0.65 62	1049660 
0.65 63	1069810 
0.65 64	1043460 
0.65 65	1020520 
0.65 66	1127780 
0.65 67	1065160 
0.65 68	1120030 
0.65 69	1081590 
0.65 70	1050280 
0.65 71	1108250 
0.65 72	1012460 
0.65 73	1074150 
0.65 74	1075390 
0.65 75	1076320 
0.65 76	994790 
0.65 77	1028270 
0.65 78	989830 
0.65 79	1043150 
0.65 80	1006570 
0.65 81	1038810 
0.65 82	1065160 
0.65 83	974950 
0.65 84	1093060 
0.65 85	1132120 
0.65 87	997890 
0.65 86	1122200 
0.65 88	980220 
0.65 89	1050280 
0.65 90	1049660 
0.65 91	1107320 
0.65 92	1111350 
0.65 93	1062370 
0.65 94	1048420 
0.65 95	1093680 
0.65 96	1076630 
0.65 97	1077250 
0.65 98	1027960 
0.65 99	1001920 
0.65 100	930930 
0.7 1	1125300 
0.7 2	1078490 
0.7 3	987040 
0.7 4	1046250 
0.7 5	1123440 
0.7 6	1032920 
0.7 7	980220 
0.7 8	1094610 
0.7 9	1103290 
0.7 10	967820 
0.7 11	1026410 
0.7 12	1064540 
0.7 13	944570 
0.7 14	994790 
0.7 15	1016800 
0.7 16	1131810 
0.7 17	1015870 
0.7 19	969990 
0.7 18	1021450 
0.7 20	984250 
0.7 22	1019590 
0.7 21	1110110 
0.7 23	1093990 
0.7 24	1061440 
0.7 26	982080 
0.7 25	985180 
0.7 27	995100 
0.7 28	1012460 
0.7 30	1093990 
0.7 31	1040050 
0.7 29	1145760 
0.7 32	996340 
0.7 33	1059270 
0.7 34	1041600 
0.7 35	1062370 
0.7 36	1032300 
0.7 37	989210 
0.7 39	1035710 
0.7 38	1055240 
0.7 40	1021760 
0.7 41	1007810 
0.7 43	964410 
0.7 42	1118790 
0.7 44	1088410 
0.7 46	1004400 
0.7 45	1150410 
0.7 47	1043770 
0.7 48	1058340 
0.7 49	1026410 
0.7 50	1048730 
0.7 51	1026100 
0.7 52	950150 
0.7 54	961000 
0.7 53	1037570 
0.7 55	1076010 
0.7 56	1052450 
0.7 57	949220 
0.7 58	1072910 
0.7 59	921630 
0.7 60	1020520 
0.7 61	1012460 
0.7 62	987350 
0.7 63	1079420 
0.7 64	970300 
0.7 65	1065470 
0.7 66	1104220 
0.7 67	954180 
0.7 68	1037570 
0.7 69	1058030 
0.7 71	987660 
0.7 70	1044080 
0.7 72	1169010 
0.7 73	971230 
0.7 75	948600 
0.7 74	1101740 
0.7 76	1015870 
0.7 77	986730 
0.7 78	1096160 
0.7 79	1110420 
0.7 80	1009670 
0.7 81	1045320 
0.7 82	1018350 
0.7 83	977120 
0.7 84	1197220 
0.7 85	1043770 
0.7 86	1037570 
0.7 87	1107010 
0.7 88	987350 
0.7 89	1028890 
0.7 91	973090 
0.7 90	1135840 
0.7 92	1039120 
0.7 93	1103290 
0.7 95	1026410 
0.7 94	1090580 
0.7 96	1026720 
0.7 97	1015870 
0.7 98	952320 
0.7 99	1036950 
0.7 100	1040670 
0.75 1	1050280 
0.75 2	1059890 
0.75 3	1061130 
0.75 4	1085930 
0.75 5	1071050 
0.75 6	1001920 
0.75 7	1051520 
0.75 8	1105460 
0.75 9	995720 
0.75 10	1061440 
0.75 11	1042530 
0.75 13	987660 
0.75 12	1072600 
0.75 14	976810 
0.75 15	1170870 
0.75 16	998200 
0.75 17	1093680 
0.75 18	998820 
0.75 19	1011220 
0.75 20	1119410 
0.75 21	1033230 
0.75 22	1029200 
0.75 23	1056480 
0.75 24	904890 
0.75 25	972470 
0.75 26	1073840 
0.75 27	1158160 
0.75 28	1007810 
0.75 29	1089030 
0.75 30	1028890 
0.75 31	1068570 
0.75 32	993550 
0.75 33	1110110 
0.75 34	1125920 
0.75 35	964100 
0.75 36	1065160 
0.75 37	1023310 
0.75 38	1028580 
0.75 39	983630 
0.75 40	926280 
0.75 41	1081280 
0.75 42	1075700 
0.75 44	952940 
0.75 43	1040050 
0.75 45	1032610 
0.75 46	1119100 
0.75 47	1017110 
0.75 48	1015250 
0.75 49	1106700 
0.75 50	1061130 
0.75 51	1064230 
0.75 52	1043770 
0.75 53	1126850 
0.75 54	1055550 
0.75 55	1024860 
0.75 56	1009050 
0.75 57	1052450 
0.75 58	1089340 
0.75 59	977740 
0.75 60	1022380 
0.75 61	969990 
0.75 62	1036020 
0.75 63	1037570 
0.75 64	1080660 
0.75 65	1033850 
0.75 67	893420 
0.75 66	1031990 
0.75 68	1118790 
0.75 69	1004710 
0.75 70	1048730 
0.75 71	1049660 
0.75 72	1105460 
0.75 73	1041600 
0.75 75	1016800 
0.75 74	1115070 
0.75 76	1071670 
0.75 77	1024860 
0.75 79	1018040 
0.75 78	1108560 
0.75 80	1067020 
0.75 81	1028890 
0.75 82	1056170 
0.75 83	1052760 
0.75 84	988590 
0.75 85	1008740 
0.75 86	1017110 
0.75 87	1090890 
0.75 88	1025480 
0.75 89	1025170 
0.75 90	1001300 
0.75 91	1068260 
0.75 92	1002850 
0.75 93	1064230 
0.75 94	1018040 
0.75 95	1076630 
0.75 96	1071360 
0.75 97	1028580 
0.75 98	987040 
0.75 99	1000680 
0.75 100	1055240 
0.8 1	1114140 
0.8 2	969990 
0.8 3	1127160 
0.8 4	1020830 
0.8 6	1096780 
0.8 5	1151960 
0.8 7	1045940 
0.8 8	1051210 
0.8 9	1032610 
0.8 10	1001300 
0.8 11	1015870 
0.8 12	990140 
0.8 14	958520 
0.8 13	994480 
0.8 16	950460 
0.8 15	1050590 
0.8 18	967200 
0.8 17	1128710 
0.8 19	956040 
0.8 20	960070 
0.8 21	1012770 
0.8 22	973090 
0.8 23	956660 
0.8 24	974640 
0.8 25	1048110 
0.8 26	1105460 
0.8 27	1076630 
0.8 28	1030750 
0.8 29	1004400 
0.8 30	980840 
0.8 31	1068570 
0.8 32	1020830 
0.8 33	938060 
0.8 34	1042220 
0.8 35	999440 
0.8 36	1041290 
0.8 37	1047800 
0.8 38	1094920 
0.8 39	1051520 
0.8 40	1059270 
0.8 41	1031680 
0.8 43	903030 
0.8 42	1080970 
0.8 44	1022070 
0.8 45	1118170 
0.8 46	1003160 
0.8 47	1041910 
0.8 48	1033850 
0.8 49	1113830 
0.8 50	1086550 
0.8 51	1053380 
0.8 52	964410 
0.8 53	1037880 
0.8 54	992310 
0.8 55	1039740 
0.8 56	1058030 
0.8 57	959760 
0.8 58	1039120 
0.8 60	930930 
0.8 59	1126540 
0.8 61	948910 
0.8 62	1056170 
0.8 63	1067950 
0.8 64	1021140 
0.8 65	979290 
0.8 66	1042840 
0.8 67	987970 
0.8 68	982080 
0.8 69	980530 
0.8 70	1014320 
0.8 72	1034470 
0.8 71	1131500 
0.8 73	957280 
0.8 74	1018970 
0.8 75	1141730 
0.8 76	1054930 
0.8 77	977740 
0.8 78	1049660 
0.8 79	1027650 
0.8 80	1046870 
0.8 81	1000060 
0.8 82	1082210 
0.8 83	1076940 
0.8 84	1137390 
0.8 85	1051520 
0.8 86	1043770 
0.8 87	1011840 
0.8 88	1014630 
0.8 89	1089960 
0.8 90	1092440 
0.8 91	1084690 
0.8 92	1041910 
0.8 93	1045320 
0.8 95	1042220 
0.8 96	1039740 
0.8 94	1142040 
0.8 97	1058340 
0.8 98	1030750 
0.8 100	1002850 
0.8 99	1022380 
0.85 1	1103910 
0.85 2	1050900 
0.85 3	1096780 
0.85 4	1114450 
0.85 5	999750 
0.85 6	1011530 
0.85 8	1080660 
0.85 7	1120650 
0.85 9	1086240 
0.85 10	993550 
0.85 11	972780 
0.85 12	1009980 
0.85 13	1020520 
0.85 15	1052140 
0.85 14	1225430 
0.85 16	1092750 
0.85 17	1055860 
0.85 19	1036950 
0.85 18	1134910 
0.85 20	1055860 
0.85 21	1041910 
0.85 22	969370 
0.85 23	967510 
0.85 24	992620 
0.85 25	1086860 
0.85 26	928140 
0.85 27	987660 
0.85 28	956040 
0.85 29	1060820 
0.85 30	1034780 
0.85 31	1019280 
0.85 32	1014630 
0.85 33	1004090 
0.85 35	974330 
0.85 34	1005640 
0.85 36	1130570 
0.85 37	1029200 
0.85 38	1052760 
0.85 39	1035710 
0.85 40	979600 
0.85 41	998820 
0.85 42	1030750 
0.85 43	1037570 
0.85 44	884740 
0.85 45	996030 
0.85 47	983940 
0.85 46	1006260 
0.85 48	945500 
0.85 49	1109490 
0.85 52	1005020 
0.85 51	1031370 
0.85 50	1078180 
0.85 53	1098020 
0.85 54	1027960 
0.85 55	1072910 
0.85 56	1077250 
0.85 57	971540 
0.85 59	868310 
0.85 58	973710 
0.85 60	1076630 
0.85 61	989830 
0.85 63	954800 
0.85 62	979910 
0.85 64	1080040 
0.85 65	1048420 
0.85 66	995720 
0.85 67	1067640 
0.85 68	1034470 
0.85 69	967510 
0.85 70	1026720 
0.85 71	1111970 
0.85 72	1023930 
0.85 73	959450 
0.85 74	1038500 
0.85 75	973400 
0.85 76	1008740 
0.85 77	1024240 
0.85 79	939610 
0.85 78	1053070 
0.85 80	1061750 
0.85 81	1062370 
0.85 82	1040050 
0.85 83	1102360 
0.85 84	1058960 
0.85 85	1061130 
0.85 86	1023310 
0.85 87	1089030 
0.85 88	1009980 
0.85 89	983940 
0.85 90	1085930 
0.85 91	1031060 
0.85 92	1145450 
0.85 93	1117860 
0.85 94	1016800 
0.85 95	1009050 
0.85 96	992620 
0.85 97	971850 
0.85 98	974330 
0.85 99	1098020 
0.85 100	1019590 
0.9 1	995100 
0.9 2	993550 
0.9 3	1014010 
0.9 4	1051830 
0.9 7	1067950 
0.9 5	1103290 
0.9 6	1080350 
0.9 8	1059580 
0.9 9	993860 
0.9 10	987040 
0.9 11	1028580 
0.9 12	1001300 
0.9 14	987040 
0.9 13	1026100 
0.9 15	1052450 
0.9 16	1087790 
0.9 17	982080 
0.9 18	965340 
0.9 19	1026410 
0.9 20	1075700 
0.9 22	921940 
0.9 21	1078800 
0.9 23	1063300 
0.9 24	979290 
0.9 26	1015560 
0.9 25	1129330 
0.9 28	929380 
0.9 27	1060820 
0.9 29	1006880 
0.9 30	1028270 
0.9 31	1043460 
0.9 32	1089960 
0.9 33	996650 
0.9 34	977430 
0.9 35	978980 
0.9 36	1016180 
0.9 37	1003160 
0.9 38	1036640 
0.9 39	1073840 
0.9 40	1109180 
0.9 41	995100 
0.9 42	1046250 
0.9 43	1090580 
0.9 44	1110420 
0.9 45	999440 
0.9 46	1039120 
0.9 47	989830 
0.9 48	1108250 
0.9 49	957900 
0.9 50	1031680 
0.9 51	983940 
0.9 52	998200 
0.9 53	971540 
0.9 54	1033540 
0.9 55	1034160 
0.9 56	974640 
0.9 57	1022690 
0.9 59	896830 
0.9 58	1029200 
0.9 60	984870 
0.9 61	1033850 
0.9 62	1085620 
0.9 63	1105770 
0.9 64	1004090 
0.9 65	963170 
0.9 66	994480 
0.9 67	959760 
0.9 68	900860 
0.9 69	1052140 
0.9 70	1042220 
0.9 71	1010910 
0.9 72	986420 
0.9 73	982080 
0.9 74	1054310 
0.9 75	1124060 
0.9 76	1052760 
0.9 77	1072290 
0.9 78	985180 
0.9 79	1017420 
0.9 80	1027650 
0.9 81	1009980 
0.9 82	1010910 
0.9 83	1055240 
0.9 84	1063920 
0.9 85	1013390 
0.9 86	1055860 
0.9 87	938370 
0.9 88	1098330 
0.9 89	1030750 
0.9 90	972160 
0.9 91	1031680 
0.9 92	986730 
0.9 93	1037570 
0.9 94	1038500 
0.9 95	944570 
0.9 96	1025480 
0.9 97	996650 
0.9 99	1026720 
0.9 98	1189470 
0.9 100	1002540 
0.95 1	1021760 
0.95 2	974330 
0.95 3	967200 
0.95 4	1045320 
0.95 5	1147620 
0.95 6	969370 
0.95 7	1012460 
0.95 8	954490 
0.95 9	1050280 
0.95 10	1087170 
0.95 11	1090270 
0.95 12	1011840 
0.95 13	1025480 
0.95 14	1002230 
0.95 15	984870 
0.95 16	1033230 
0.95 17	1027960 
0.95 18	981770 
0.95 19	1043150 
0.95 20	1071670 
0.95 21	942090 
0.95 22	1024550 
0.95 23	962550 
0.95 24	1015250 
0.95 25	1051210 
0.95 26	1012460 
0.95 27	1023930 
0.95 28	1019280 
0.95 29	1012460 
0.95 31	983320 
0.95 30	1033230 
0.95 32	1026720 
0.95 33	977740 
0.95 35	949530 
0.95 34	1024860 
0.95 36	999440 
0.95 37	1046250 
0.95 39	1011530 
0.95 38	1069810 
0.95 40	1028580 
0.95 41	1021760 
0.95 42	1031370 
0.95 43	1009050 
0.95 44	1035400 
0.95 45	964410 
0.95 47	1004710 
0.95 46	1119100 
0.95 48	1021450 
0.95 49	1043460 
0.95 50	901480 
0.95 51	1035090 
0.95 52	1039740 
0.95 53	1052140 
0.95 54	1062370 
0.95 55	1031680 
0.95 56	1056790 
0.95 57	1058650 
0.95 58	945810 
0.95 59	1067020 
0.95 60	965960 
0.95 62	954180 
0.95 61	1071360 
0.95 63	987970 
0.95 64	982700 
0.95 65	954800 
0.95 66	1049350 
0.95 67	978050 
0.95 68	1061440 
0.95 69	1124990 
0.95 70	1058960 
0.95 71	1078490 
0.95 72	1026720 
0.95 73	1016490 
0.95 74	1001920 
0.95 75	1037260 
0.95 76	1030440 
0.95 77	981150 
0.95 78	1101120 
0.95 79	1008740 
0.95 80	1110730 
0.95 81	1098950 
0.95 82	1008430 
0.95 83	1082830 
0.95 84	1023930 
0.95 85	1040360 
0.95 86	1043150 
0.95 87	999130 
0.95 88	1044080 
0.95 89	1006880 
0.95 90	969370 
0.95 91	989830 
0.95 92	1040360 
0.95 93	1018040 
0.95 94	1056480 
0.95 95	1080660 
0.95 96	1040980 
0.95 97	1014630 
0.95 98	1004400 
0.95 99	996340 
0.95 100	1057410 
1 2	983940 
1 1	1045630 
1 3	1073840 
1 4	1042840 
1 5	973710 
1 6	986730 
1 7	1021760 
1 8	1118790 
1 9	994170 
1 10	907990 
1 11	1044390 
1 12	991690 
1 14	1022380 
1 13	1016800 
1 15	1052450 
1 16	992930 
1 18	983010 
1 17	1021140 
1 19	1125920 
1 20	1055240 
1 21	1040050 
1 22	1081280 
1 23	1026410 
1 25	948600 
1 24	1151650 
1 26	1012770 
1 27	1001920 
1 28	1049970 
1 29	1065780 
1 30	1028270 
1 31	998510 
1 32	952630 
1 33	968750 
1 34	982080 
1 35	1000370 
1 36	1043770 
1 38	1004710 
1 37	1042840 
1 39	1087170 
1 40	955730 
1 41	956660 
1 42	1063610 
1 43	1038810 
1 45	974330 
1 44	1016800 
1 46	953870 
1 47	1023000 
1 49	997890 
1 48	1063300 
1 50	969370 
1 51	1117240 
1 52	1093370 
1 53	1049660 
1 54	1049040 
1 55	1105150 
1 57	954800 
1 56	1031680 
1 58	1037570 
1 59	1020520 
1 60	1049660 
1 61	1055860 
1 62	1012150 
1 63	1030130 
1 64	929380 
1 65	959140 
1 66	1063610 
1 67	1067640 
1 68	1066400 
1 69	1022070 
1 70	1020830 
1 73	967510 
1 72	1078800 
1 71	1085620 
1 74	1040050 
1 75	952010 
1 76	1020830 
1 77	1050900 
1 78	1006260 
1 79	989830 
1 80	1039430 
1 81	1062370 
1 82	962860 
1 83	1091820 
1 84	1012460 
1 85	977740 
1 86	1002540 
1 90	870790 
1 89	994170 
1 87	1059890 
1 88	1043460 
1 93	964100 
1 91	1018040 
1 92	1009670 
1 94	1044080 
1 95	1005330 
1 97	986420 
1 98	1041910 
1 96	1182340 
1 99	942400 
1 100	977740 
