50 1	10150 
50 2	8900 
50 4	9300 
50 5	10500 
50 6	8650 
50 7	8850 
50 8	9750 
50 9	11250 
50 3	7850 
50 10	8400 
50 11	10000 
50 13	9350 
50 14	9350 
50 15	9400 
50 16	6600 
50 17	10600 
50 18	7750 
50 19	9050 
50 20	8650 
50 21	7800 
50 22	7650 
50 23	9000 
50 24	8500 
50 25	9650 
50 26	7600 
50 27	10750 
50 28	7900 
50 29	9000 
50 30	10050 
50 31	8600 
50 32	9400 
50 33	10350 
50 34	7900 
50 35	11000 
50 36	10350 
50 37	7150 
50 38	8150 
50 39	11850 
50 40	8400 
50 41	9250 
50 42	9350 
50 43	7850 
50 44	8650 
50 45	8750 
50 46	8600 
50 47	9850 
50 48	10400 
50 49	11550 
50 50	9950 
50 51	8600 
50 52	9200 
50 53	9400 
50 54	9750 
50 55	6850 
50 56	13600 
50 57	7900 
50 58	8100 
50 59	10350 
50 60	10500 
50 61	8650 
50 62	10350 
50 63	12650 
50 64	9800 
50 65	11200 
50 66	9550 
50 67	6150 
50 68	8950 
50 69	9000 
50 70	7700 
50 71	8600 
50 72	8950 
50 73	9000 
50 74	9950 
50 75	9050 
50 76	7350 
50 77	8700 
50 78	7800 
50 79	9400 
50 80	9000 
50 81	7450 
50 82	10400 
50 83	8600 
50 84	7200 
50 85	8750 
50 86	10900 
50 87	9800 
50 88	9350 
50 89	8700 
50 90	9250 
50 91	8250 
50 92	10400 
50 93	9050 
50 94	8250 
50 95	8150 
50 96	7350 
50 97	7600 
50 98	9000 
50 99	8350 
50 100	9200 
50 12	8900 
100 1	33200 
100 2	29100 
100 3	35200 
100 4	32600 
100 5	30800 
100 6	31900 
100 7	28500 
100 8	34000 
100 10	31700 
100 9	37600 
100 11	35200 
100 12	34100 
100 13	35800 
100 15	30500 
100 14	32400 
100 16	34300 
100 17	34400 
100 18	30000 
100 19	33300 
100 20	34100 
100 21	35400 
100 23	31000 
100 22	41400 
100 24	28700 
100 25	28000 
100 26	29000 
100 27	31600 
100 28	31400 
100 29	31300 
100 30	28500 
100 31	32100 
100 32	27800 
100 33	34200 
100 34	31400 
100 35	34800 
100 36	32900 
100 37	28700 
100 38	37400 
100 39	31600 
100 40	32800 
100 41	31800 
100 42	34900 
100 43	33000 
100 44	32800 
100 45	34900 
100 46	35600 
100 47	31600 
100 48	32800 
100 49	28700 
100 50	31800 
100 51	31000 
100 52	32500 
100 53	35400 
100 54	32300 
100 55	32200 
100 56	29400 
100 57	31200 
100 58	28400 
100 59	31700 
100 60	31800 
100 61	30500 
100 62	33500 
100 63	37700 
100 64	28200 
100 65	29600 
100 66	29200 
100 67	35500 
100 68	35400 
100 69	30500 
100 70	31000 
100 71	38900 
100 72	32200 
100 73	35800 
100 74	32200 
100 75	30200 
100 76	33400 
100 77	29200 
100 78	33900 
100 79	39400 
100 80	36400 
100 81	35200 
100 82	35200 
100 83	34700 
100 84	32000 
100 85	32000 
100 86	32600 
100 87	34100 
100 88	31100 
100 89	36400 
100 90	31800 
100 91	31500 
100 92	31400 
100 93	34200 
100 94	26800 
100 95	30400 
100 96	33800 
100 97	33900 
100 98	34200 
100 99	30800 
100 100	28300 
150 1	70050 
150 2	69600 
150 3	68700 
150 4	63600 
150 5	61950 
150 6	67500 
150 7	73950 
150 8	70350 
150 9	70500 
150 10	66000 
150 12	63150 
150 11	72450 
150 13	68700 
150 14	68850 
150 15	73500 
150 16	75000 
150 17	72900 
150 18	65250 
150 19	66150 
150 20	66000 
150 21	59850 
150 22	66450 
150 23	70650 
150 24	77400 
150 25	62700 
150 26	64350 
150 27	68850 
150 28	65700 
150 29	59400 
150 30	68250 
150 31	65100 
150 32	66450 
150 33	62550 
150 34	69450 
150 35	71550 
150 37	63000 
150 36	79950 
150 38	65550 
150 39	63000 
150 40	64050 
150 41	72150 
150 42	66000 
150 43	70350 
150 44	75150 
150 45	73500 
150 46	71250 
150 47	76350 
150 48	71100 
150 49	77550 
150 50	66300 
150 51	65550 
150 52	71400 
150 53	69900 
150 54	67800 
150 55	75450 
150 56	67650 
150 57	71700 
150 58	67350 
150 59	70950 
150 60	62250 
150 61	67350 
150 62	71250 
150 63	73650 
150 64	68850 
150 65	69300 
150 66	69300 
150 67	69600 
150 68	69450 
150 69	66600 
150 70	64800 
150 71	67800 
150 72	65400 
150 73	69750 
150 74	76050 
150 75	63600 
150 76	77550 
150 77	71400 
150 78	67800 
150 79	68700 
150 80	75300 
150 81	66900 
150 82	73800 
150 83	71400 
150 84	59550 
150 85	73800 
150 86	66300 
150 87	71700 
150 88	59550 
150 89	68550 
150 90	74550 
150 91	67800 
150 92	63150 
150 93	71400 
150 94	62700 
150 95	66900 
150 96	63450 
150 97	63150 
150 98	74850 
150 99	71850 
150 100	73350 
200 1	113200 
200 3	105400 
200 2	124400 
200 4	122800 
200 5	115600 
200 6	103400 
200 7	118000 
200 8	120600 
200 9	123600 
200 10	128200 
200 11	133200 
200 12	116200 
200 13	113000 
200 14	120600 
200 15	114200 
200 16	126000 
200 17	125600 
200 18	107800 
200 19	122600 
200 20	120000 
200 21	123000 
200 22	115400 
200 23	117400 
200 24	123400 
200 25	106200 
200 26	120400 
200 27	120000 
200 28	120000 
200 29	99200 
200 30	115800 
200 31	115400 
200 32	137200 
200 33	120000 
200 34	121200 
200 35	116000 
200 36	116800 
200 37	124400 
200 38	110200 
200 39	108000 
200 40	129600 
200 42	105200 
200 41	132000 
200 43	130200 
200 44	114400 
200 45	120000 
200 46	126200 
200 47	116600 
200 48	107200 
200 49	126400 
200 50	131200 
200 51	110800 
200 52	123400 
200 53	125800 
200 54	112000 
200 55	116800 
200 56	118200 
200 57	114000 
200 58	114000 
200 59	126600 
200 60	115000 
200 61	121600 
200 62	116000 
200 63	123800 
200 64	129800 
200 65	113200 
200 66	124200 
200 67	113200 
200 68	108000 
200 69	119800 
200 70	108600 
200 71	121200 
200 72	113000 
200 73	113400 
200 74	120400 
200 75	126000 
200 76	119000 
200 77	113800 
200 78	118800 
200 79	109800 
200 80	120800 
200 81	112400 
200 82	120400 
200 83	132600 
200 84	122000 
200 85	122200 
200 86	121400 
200 87	109400 
200 88	118400 
200 89	119800 
200 90	128200 
200 91	129000 
200 92	120200 
200 93	110200 
200 94	110600 
200 95	131000 
200 96	119200 
200 97	120800 
200 98	112200 
200 99	125800 
200 100	120400 
250 1	177500 
250 2	182750 
250 3	185500 
250 4	177250 
250 5	170500 
250 6	162000 
250 7	168750 
250 8	175500 
250 10	170250 
250 9	194500 
250 11	182250 
250 12	197250 
250 14	165750 
250 13	173250 
250 15	158750 
250 16	177250 
250 18	156000 
250 17	179250 
250 19	181500 
250 20	188250 
250 21	157750 
250 22	186750 
250 23	168500 
250 24	178750 
250 25	159000 
250 26	186000 
250 27	173500 
250 28	171750 
250 29	192250 
250 30	174000 
250 31	179500 
250 32	196500 
250 33	181500 
250 34	166500 
250 35	177250 
250 36	184000 
250 37	177500 
250 38	179250 
250 39	172500 
250 41	161750 
250 40	180500 
250 42	179250 
250 43	168750 
250 44	163500 
250 45	167750 
250 46	165250 
250 47	191000 
250 48	183500 
250 49	184750 
250 50	183500 
250 51	190750 
250 52	179500 
250 53	188250 
250 54	172250 
250 55	190750 
250 56	173750 
250 57	198250 
250 58	175750 
250 59	179250 
250 60	171250 
250 61	186500 
250 62	169500 
250 63	176500 
250 64	184000 
250 65	174000 
250 66	183000 
250 67	201000 
250 68	161000 
250 69	169000 
250 70	166250 
250 71	181250 
250 72	173250 
250 73	158750 
250 74	208500 
250 75	172000 
250 76	186500 
250 77	171000 
250 78	176250 
250 79	187750 
250 80	178500 
250 81	154500 
250 82	173750 
250 83	187250 
250 84	184000 
250 85	189000 
250 86	188000 
250 88	160500 
250 87	178500 
250 89	183000 
250 90	170500 
250 92	174500 
250 91	182750 
250 93	177000 
250 94	172250 
250 95	177500 
250 96	173750 
250 97	164500 
250 98	182750 
250 99	178500 
250 100	177750 
300 1	249600 
300 2	241500 
300 4	247200 
300 3	263400 
300 5	264600 
300 6	252600 
300 7	241200 
300 8	276900 
300 9	251400 
300 10	276600 
300 11	255300 
300 12	249900 
300 13	256200 
300 14	276000 
300 15	258600 
300 16	247200 
300 17	253500 
300 18	249000 
300 19	270300 
300 20	247500 
300 21	247500 
300 22	244200 
300 24	250500 
300 23	259200 
300 25	258000 
300 26	282000 
300 27	249900 
300 28	268800 
300 29	247500 
300 30	250500 
300 31	245700 
300 32	247800 
300 33	245400 
300 34	257100 
300 35	248400 
300 36	238500 
300 37	229500 
300 38	260700 
300 39	261900 
300 40	251100 
300 41	263100 
300 44	245100 
300 42	281400 
300 43	258600 
300 45	260700 
300 46	245400 
300 47	247200 
300 48	252900 
300 49	257700 
300 51	254100 
300 50	270300 
300 52	259200 
300 53	235800 
300 55	240300 
300 54	247200 
300 56	270900 
300 57	238200 
300 58	255000 
300 59	265500 
300 60	243900 
300 61	236400 
300 62	259800 
300 63	251400 
300 64	248100 
300 65	245400 
300 66	243000 
300 67	246000 
300 68	251700 
300 69	252000 
300 70	239700 
300 71	260700 
300 72	267900 
300 73	255000 
300 74	250500 
300 75	246000 
300 77	245400 
300 76	265800 
300 78	261600 
300 79	234600 
300 81	236100 
300 80	262500 
300 82	243000 
300 84	242400 
300 83	287400 
300 85	272100 
300 86	255600 
300 87	243000 
300 88	242700 
300 89	237000 
300 90	235500 
300 92	243600 
300 91	253800 
300 93	257400 
300 94	249000 
300 95	247500 
300 96	260400 
300 97	240900 
300 98	247500 
300 99	230100 
300 100	252900 
350 1	348250 
350 2	333200 
350 3	367850 
350 4	357000 
350 5	341950 
350 6	335650 
350 8	326550 
350 7	362600 
350 9	325150 
350 10	324100 
350 11	343350 
350 12	356300 
350 13	337400 
350 14	328650 
350 15	341950 
350 16	332500 
350 17	311850 
350 18	330400 
350 20	335650 
350 19	371700 
350 21	342650 
350 22	320950 
350 24	343000 
350 23	360500 
350 25	334950 
350 26	334250 
350 27	332150 
350 28	347550 
350 29	354200 
350 30	325850 
350 31	334250 
350 32	326200 
350 33	328650 
350 34	341950 
350 36	332500 
350 35	363300 
350 37	310800 
350 38	339500 
350 39	297150 
350 40	322700 
350 41	339500 
350 42	339500 
350 43	308000 
350 44	345450 
350 45	340550 
350 46	325500 
350 47	359800 
350 48	354200 
350 49	370650 
350 50	350000 
350 51	322700 
350 52	330050 
350 53	335300 
350 54	358050 
350 55	354200 
350 56	364000 
350 57	322350 
350 58	320950 
350 59	320250 
350 61	330050 
350 60	348600 
350 62	337400 
350 63	321650 
350 64	335300 
350 65	344750 
350 66	317450 
350 67	335650 
350 68	333200 
350 69	346850 
350 70	329000 
350 71	324100 
350 72	331800 
350 73	341600 
350 74	381500 
350 75	331450 
350 76	352450 
350 77	348600 
350 78	320250 
350 79	340200 
350 80	341250 
350 81	327950 
350 82	330400 
350 83	353150 
350 84	341950 
350 85	331450 
350 86	313250 
350 87	368550 
350 88	327950 
350 89	348950 
350 90	355250 
350 91	329350 
350 92	322700 
350 93	331800 
350 94	358750 
350 95	352100 
350 96	323400 
350 97	320250 
350 98	325850 
350 99	318500 
350 100	319200 
400 1	434800 
400 2	484800 
400 3	448800 
400 4	478400 
400 5	477200 
400 6	420400 
400 7	454400 
400 8	430000 
400 9	450800 
400 10	440000 
400 11	483600 
400 12	454000 
400 13	456000 
400 14	452400 
400 15	414800 
400 16	414800 
400 17	452400 
400 18	451200 
400 19	454000 
400 20	424800 
400 22	424400 
400 21	457200 
400 23	403600 
400 24	471200 
400 25	410400 
400 26	435600 
400 27	418400 
400 28	445200 
400 29	417200 
400 30	476000 
400 31	423600 
400 32	451200 
400 33	434800 
400 35	455200 
400 34	473600 
400 36	423600 
400 37	445200 
400 38	470000 
400 39	470800 
400 40	430800 
400 41	425200 
400 42	418400 
400 43	436400 
400 44	453200 
400 45	423200 
400 46	469200 
400 47	436400 
400 48	455200 
400 49	447200 
400 50	459200 
400 51	468800 
400 52	464400 
400 53	427600 
400 55	426400 
400 54	452000 
400 56	389200 
400 57	410000 
400 59	417600 
400 58	446400 
400 60	456000 
400 61	458000 
400 62	414000 
400 63	444400 
400 64	453200 
400 65	440400 
400 66	421200 
400 67	447200 
400 68	416800 
400 69	482400 
400 70	434400 
400 71	449600 
400 72	471600 
400 73	468000 
400 75	388800 
400 74	459200 
400 76	395200 
400 77	453600 
400 78	415600 
400 79	455200 
400 80	437600 
400 81	424000 
400 82	441600 
400 84	413200 
400 83	474000 
400 85	450400 
400 86	436800 
400 87	466000 
400 88	448000 
400 89	470800 
400 90	429200 
400 91	450000 
400 92	454400 
400 93	460000 
400 94	458400 
400 96	427600 
400 95	492400 
400 98	416000 
400 97	436000 
400 99	435200 
400 100	464800 
450 1	538650 
450 2	558450 
450 3	543150 
450 4	555750 
450 5	514350 
450 6	619650 
450 7	560250 
450 8	522900 
450 9	558450 
450 10	526050 
450 11	540000 
450 12	574650 
450 13	531900 
450 15	535950 
450 14	561150 
450 16	579150 
450 17	598050 
450 19	541350 
450 18	571500 
450 20	534600 
450 21	587700 
450 22	537750 
450 23	535050 
450 24	574200 
450 25	547650 
450 26	532800 
450 27	528750 
450 28	561150 
450 29	544050 
450 31	527400 
450 30	546300 
450 32	531450 
450 35	530100 
450 33	560700 
450 34	562500 
450 36	534600 
450 37	522000 
450 39	530100 
450 38	567900 
450 40	589050 
450 41	549900 
450 42	525600 
450 43	517950 
450 44	525600 
450 45	545400 
450 47	517500 
450 46	548550 
450 48	547650 
450 49	549900 
450 50	549450 
450 51	557550 
450 52	532350 
450 55	525150 
450 54	561150 
450 53	594000 
450 56	528750 
450 57	533250 
450 59	545400 
450 58	589050 
450 60	542700 
450 61	516150 
450 63	516150 
450 62	575100 
450 64	586800 
450 65	525600 
450 66	534150 
450 67	544050 
450 68	561150 
450 69	617850 
450 70	559350 
450 71	527850 
450 72	543150 
450 73	535500 
450 75	553500 
450 74	590400 
450 76	517500 
450 77	582300 
450 79	531450 
450 78	563400 
450 80	540450 
450 81	523800 
450 82	556650 
450 83	570600 
450 84	550350 
450 85	575550 
450 87	504000 
450 86	547200 
450 88	544500 
450 90	501300 
450 89	560250 
450 91	524700 
450 92	528300 
450 93	575550 
450 95	551700 
450 94	566550 
450 96	519300 
450 97	570600 
450 98	559350 
450 99	591750 
450 100	567900 
500 2	660500 
500 1	696000 
500 3	672000 
500 4	721500 
500 5	645000 
500 7	617500 
500 6	668500 
500 8	636000 
500 9	688000 
500 10	683500 
500 11	683000 
500 12	703500 
500 14	672000 
500 13	717500 
500 15	701500 
500 16	637000 
500 17	649500 
500 18	675500 
500 19	679000 
500 20	651000 
500 21	660500 
500 23	631000 
500 22	680500 
500 24	703500 
500 25	651500 
500 26	669000 
500 27	650500 
500 28	673500 
500 29	724500 
500 30	696000 
500 31	699000 
500 32	674000 
500 34	642500 
500 33	662000 
500 35	655500 
500 36	655000 
500 37	663000 
500 38	688500 
500 40	620500 
500 39	662500 
500 41	684000 
500 43	637000 
500 42	704500 
500 44	689500 
500 45	645500 
500 46	657500 
500 47	661500 
500 48	685000 
500 49	657500 
500 50	703000 
500 51	685500 
500 52	686500 
500 53	631000 
500 54	658500 
500 55	630500 
500 56	665000 
500 57	684500 
500 59	688000 
500 58	719500 
500 60	664000 
500 61	656000 
500 64	637000 
500 63	683500 
500 62	709500 
500 65	636000 
500 68	618000 
500 67	661000 
500 66	676500 
500 69	669000 
500 70	674500 
500 72	681000 
500 71	693000 
500 73	677500 
500 74	691000 
500 76	657000 
500 75	736500 
500 77	647500 
500 79	679500 
500 78	709000 
500 80	689000 
500 81	674500 
500 83	665000 
500 82	686500 
500 84	609500 
500 85	624000 
500 87	659000 
500 86	670000 
500 88	686000 
500 89	684000 
500 90	657500 
500 91	693500 
500 92	677500 
500 93	650500 
500 94	655000 
500 95	667500 
500 96	666000 
500 97	681000 
500 98	679500 
500 99	668000 
500 100	675500 
550 1	800800 
550 2	759000 
550 4	822250 
550 3	844250 
550 5	821150 
550 6	777700 
550 8	729850 
550 7	814000 
550 9	902550 
550 10	829400 
550 11	804100 
550 12	810700 
550 13	745250 
550 14	840400 
550 15	795300 
550 16	755700 
550 17	770550 
550 19	786500 
550 20	770000 
550 18	881650 
550 21	823350 
550 23	786500 
550 22	827750 
550 24	767250 
550 25	840400 
550 27	779900 
550 26	792550 
550 28	815100 
550 29	803000 
550 30	782100 
550 31	777700 
550 32	756800 
550 33	841500 
550 34	792000 
550 35	787600 
550 36	825550 
550 38	750750 
550 37	842600 
550 39	823350 
550 40	831600 
550 41	750750 
550 42	831050 
550 43	839850 
550 44	805200 
550 45	829400 
550 46	772200 
550 47	821150 
550 48	785400 
550 49	818950 
550 50	800250 
550 51	787600 
550 52	853600 
550 54	803000 
550 53	849750 
550 55	797500 
550 56	749100 
550 57	782100 
550 58	779350 
550 60	778250 
550 59	813450 
550 61	780450 
550 62	800250 
550 63	786500 
550 64	792000 
550 66	743050 
550 65	862950 
550 68	770000 
550 67	858000 
550 69	830500 
550 71	806850 
550 70	842050 
550 72	841500 
550 73	825550 
550 75	766150 
550 74	799150 
550 76	765050 
550 77	778800 
550 78	751300 
550 79	774400 
550 80	743050 
550 81	793100 
550 82	847000 
550 83	872850 
550 84	843700 
550 85	776050 
550 86	747450 
550 87	806850 
550 88	807400 
550 89	837100 
550 90	836550 
550 91	751850 
550 92	831600 
550 94	761750 
550 93	807950 
550 95	783200 
550 96	715550 
550 97	788700 
550 98	809600 
550 99	784850 
550 100	810700 
600 1	940200 
600 2	940800 
600 3	948000 
600 4	988800 
600 6	871800 
600 5	937800 
600 7	916200 
600 8	907800 
600 9	911400 
600 10	997200 
600 11	991200 
600 12	970200 
600 13	907200 
600 14	886800 
600 15	941400 
600 16	976800 
600 17	950400 
600 18	973800 
600 19	970200 
600 20	971400 
600 21	1004400 
600 22	925200 
600 23	888000 
600 24	940200 
600 25	890400 
600 27	946800 
600 26	993000 
600 28	955800 
600 29	989400 
600 30	931800 
600 31	985200 
600 32	1056600 
600 33	950400 
600 34	926400 
600 35	913200 
600 36	909600 
600 37	948000 
600 38	965400 
600 39	949800 
600 40	934200 
600 41	906600 
600 42	927600 
600 43	928200 
600 44	936600 
600 45	905400 
600 46	939600 
600 47	962400 
600 48	952200 
600 49	924600 
600 51	892200 
600 50	968400 
600 52	963600 
600 53	911400 
600 54	892800 
600 55	960000 
600 56	975600 
600 57	925200 
600 58	919800 
600 59	934800 
600 60	930000 
600 61	906600 
600 62	898200 
600 63	954000 
600 64	945000 
600 65	933000 
600 66	922800 
600 67	1023000 
600 68	895200 
600 69	976800 
600 70	877200 
600 71	955800 
600 72	933000 
600 74	950400 
600 73	966000 
600 75	966600 
600 76	950400 
600 77	912000 
600 78	933600 
600 79	889200 
600 80	1020600 
600 81	891000 
600 82	935400 
600 83	896400 
600 84	988800 
600 85	949800 
600 86	924600 
600 87	918000 
600 88	909600 
600 89	944400 
600 90	990600 
600 91	906600 
600 92	889800 
600 93	971400 
600 94	900600 
600 95	982200 
600 96	916800 
600 98	876000 
600 97	999000 
600 99	972600 
600 100	933000 
650 1	1114100 
650 2	1087450 
650 4	941850 
650 3	1177800 
650 5	1075750 
650 6	1069900 
650 8	1103700 
650 7	1225900 
650 9	1053650 
650 10	1123850 
650 11	1127750 
650 12	1166750 
650 13	1095900 
650 14	1123850 
650 15	1132300 
650 16	1122550 
650 17	1178450 
650 18	1136850 
650 19	1097850 
650 20	1085500 
650 21	1036750 
650 22	1060800 
650 23	1066650 
650 24	1058850 
650 25	1080950 
650 26	1075100 
650 27	1047150 
650 28	1064050 
650 29	1111500 
650 30	1114750 
650 31	1067300 
650 32	1085500 
650 33	1041950 
650 34	1136200 
650 36	1082900 
650 35	1164150 
650 37	1115400 
650 38	1069900 
650 39	1088750 
650 40	1147250 
650 41	1090700 
650 42	1053000 
650 43	1107600 
650 44	1157650 
650 45	1152450 
650 46	1097850 
650 47	1162850 
650 48	1132300 
650 49	1097200 
650 50	1038700 
650 52	1039350 
650 51	1205750 
650 53	1090700 
650 54	1127100 
650 55	1091350 
650 56	1151150 
650 57	1116050 
650 58	1082250 
650 59	1081600 
650 60	1051050 
650 61	1087450 
650 62	1112150 
650 63	1090050 
650 64	1141400 
650 66	1112800 
650 65	1197950 
650 67	1028300 
650 68	1104350 
650 69	1135550 
650 70	1145950 
650 71	997750 
650 72	1106300 
650 74	1126450 
650 73	1187550 
650 75	1114100 
650 76	1048450 
650 77	1132950 
650 78	1114100 
650 79	1049750 
650 80	1097850 
650 82	1052350 
650 81	1101100 
650 83	1110850 
650 84	1002300 
650 85	1082250 
650 86	1086150 
650 87	1038700 
650 88	1118650 
650 89	1036100 
650 90	1116700 
650 91	1093950 
650 92	1151800 
650 93	1065350 
650 94	1053650 
650 95	1127100 
650 96	1055600 
650 97	1095900 
650 98	1101750 
650 99	1094600 
650 100	1061450 
700 1	1240400 
700 2	1241800 
700 3	1314600 
700 4	1282400 
700 6	1248100 
700 5	1419600 
700 7	1319500 
700 8	1381800 
700 9	1279600 
700 10	1253000 
700 11	1234100 
700 12	1320900 
700 13	1341200 
700 14	1360800 
700 15	1306200 
700 16	1275400 
700 17	1317400 
700 18	1329300 
700 19	1297100 
700 20	1267700 
700 22	1224300 
700 21	1273300 
700 23	1295000 
700 24	1304100 
700 26	1222900 
700 25	1229200 
700 27	1249500 
700 28	1275400 
700 29	1226400 
700 30	1386000 
700 31	1295000 
700 32	1353100 
700 33	1254400 
700 34	1278200 
700 35	1292900 
700 36	1271200 
700 37	1226400 
700 38	1264200 
700 39	1262800 
700 40	1234100 
700 41	1141000 
700 42	1199800 
700 43	1338400 
700 44	1351700 
700 45	1220100 
700 46	1239000 
700 47	1288000 
700 48	1211000 
700 49	1360800 
700 50	1386700 
700 51	1314600 
700 52	1254400 
700 53	1290100 
700 54	1274700 
700 55	1347500 
700 56	1339800 
700 57	1256500 
700 58	1227800 
700 59	1211700 
700 60	1249500 
700 61	1320200 
700 62	1299900 
700 63	1247400 
700 64	1313900 
700 65	1313900 
700 66	1323000 
700 67	1292200 
700 68	1351000 
700 69	1285900 
700 70	1255100 
700 71	1298500 
700 72	1356600 
700 73	1226400 
700 74	1208900 
700 75	1301300 
700 76	1308300 
700 77	1311800 
700 78	1289400 
700 79	1285200 
700 80	1232000 
700 81	1371300 
700 82	1220100 
700 83	1332800 
700 84	1326500 
700 86	1221500 
700 85	1335600 
700 87	1256500 
700 88	1344700 
700 90	1264900 
700 89	1319500 
700 91	1285200 
700 92	1152200 
700 94	1203300 
700 93	1346100 
700 95	1318100 
700 96	1344700 
700 97	1239700 
700 98	1300600 
700 99	1203300 
700 100	1235500 
750 1	1467000 
750 2	1419750 
750 3	1436250 
750 4	1428750 
750 5	1444500 
750 6	1491000 
750 7	1519500 
750 8	1499250 
750 9	1402500 
750 10	1348500 
750 11	1450500 
750 12	1472250 
750 13	1428750 
750 14	1511250 
750 15	1380750 
750 16	1506750 
750 17	1404750 
750 18	1499250 
750 19	1462500 
750 20	1395000 
750 21	1480500 
750 22	1566750 
750 23	1502250 
750 24	1383000 
750 25	1405500 
750 26	1371750 
750 27	1422000 
750 28	1458750 
750 29	1450500 
750 30	1354500 
750 31	1466250 
750 32	1482750 
750 33	1419000 
750 34	1412250 
750 35	1593000 
750 36	1321500 
750 37	1443000 
750 38	1452000 
750 39	1399500 
750 40	1443000 
750 41	1400250 
750 42	1512750 
750 43	1443750 
750 44	1440000 
750 45	1434750 
750 46	1515000 
750 47	1404000 
750 48	1455750 
750 49	1446750 
750 50	1527750 
750 51	1443000 
750 52	1399500 
750 53	1414500 
750 54	1407750 
750 56	1413000 
750 55	1566750 
750 57	1434000 
750 58	1482750 
750 59	1371000 
750 60	1417500 
750 61	1427250 
750 62	1481250 
750 63	1392000 
750 64	1442250 
750 65	1404750 
750 66	1460250 
750 67	1539750 
750 68	1426500 
750 69	1473000 
750 70	1408500 
750 71	1469250 
750 72	1517250 
750 73	1488750 
750 74	1398000 
750 76	1380750 
750 75	1518750 
750 77	1395750 
750 78	1484250 
750 79	1450500 
750 80	1380000 
750 81	1461750 
750 82	1503000 
750 83	1451250 
750 84	1554000 
750 85	1479000 
750 86	1412250 
750 87	1382250 
750 88	1347750 
750 89	1447500 
750 90	1410750 
750 92	1458750 
750 91	1561500 
750 93	1452750 
750 94	1332000 
750 96	1434750 
750 95	1481250 
750 97	1418250 
750 98	1431000 
750 99	1387500 
750 100	1437750 
800 1	1758400 
800 2	1744800 
800 3	1680800 
800 4	1623200 
800 5	1688000 
800 6	1555200 
800 7	1697600 
800 8	1771200 
800 9	1615200 
800 10	1634400 
800 11	1576000 
800 12	1644800 
800 13	1642400 
800 14	1640000 
800 15	1674400 
800 16	1680000 
800 17	1709600 
800 18	1684800 
800 19	1551200 
800 20	1671200 
800 21	1686400 
800 22	1728000 
800 23	1576000 
800 24	1622400 
800 25	1549600 
800 26	1664000 
800 27	1616000 
800 28	1648800 
800 29	1584800 
800 30	1530400 
800 31	1564800 
800 32	1654400 
800 33	1748800 
800 34	1563200 
800 35	1640800 
800 36	1608800 
800 37	1563200 
800 38	1604800 
800 39	1664000 
800 40	1601600 
800 41	1613600 
800 42	1648000 
800 43	1661600 
800 44	1651200 
800 45	1599200 
800 46	1716800 
800 47	1709600 
800 48	1656800 
800 49	1584800 
800 50	1729600 
800 51	1596800 
800 52	1676000 
800 53	1768000 
800 55	1555200 
800 54	1722400 
800 56	1621600 
800 57	1771200 
800 58	1613600 
800 59	1687200 
800 60	1718400 
800 61	1650400 
800 62	1721600 
800 63	1725600 
800 64	1627200 
800 65	1664800 
800 66	1720800 
800 67	1646400 
800 68	1611200 
800 69	1595200 
800 70	1666400 
800 71	1690400 
800 72	1579200 
800 73	1564000 
800 74	1644000 
800 75	1634400 
800 76	1640800 
800 77	1687200 
800 78	1595200 
800 79	1705600 
800 80	1671200 
800 81	1676000 
800 82	1567200 
800 83	1640800 
800 84	1728800 
800 85	1692000 
800 86	1561600 
800 87	1686400 
800 88	1702400 
800 89	1608000 
800 90	1604000 
800 91	1598400 
800 92	1605600 
800 93	1736800 
800 94	1600000 
800 95	1629600 
800 96	1681600 
800 97	1643200 
800 98	1638400 
800 99	1625600 
800 100	1671200 
850 1	1901450 
850 2	1976250 
850 3	1827500 
850 4	1947350 
850 5	1750150 
850 6	1819850 
850 7	1853850 
850 8	1750150 
850 9	1968600 
850 10	1924400 
850 11	1881050 
850 12	1836000 
850 13	1777350 
850 14	1832600 
850 15	1867450 
850 16	1807950 
850 17	1897200 
850 18	1814750 
850 19	1856400 
850 20	1822400 
850 21	1819850 
850 22	1756100 
850 23	1841100 
850 24	1820700 
850 25	1870850 
850 26	1788400 
850 27	1858950 
850 28	1851300 
850 29	1803700 
850 30	2023000 
850 31	1828350 
850 32	1800300 
850 33	1813900 
850 34	1783300 
850 35	1852150 
850 36	1867450 
850 37	1851300 
850 38	1825800 
850 39	1893800 
850 40	1949050 
850 41	1941400 
850 42	1808800 
850 43	1868300 
850 44	1804550 
850 45	1841950 
850 46	1803700 
850 47	1955850 
850 48	2037450 
850 49	1765450 
850 50	1797750 
850 51	1740800 
850 52	1835150 
850 53	1863200 
850 54	1883600 
850 55	1943100 
850 56	1739950 
850 57	1951600 
850 58	1946500 
850 59	1864900 
850 60	1902300 
850 61	1894650 
850 62	1919300 
850 63	1789250 
850 64	1779050 
850 65	1775650 
850 66	1830900 
850 68	1739950 
850 67	1905700 
850 69	1852150 
850 70	1919300 
850 72	1773100 
850 71	1811350 
850 73	1901450 
850 74	1776500 
850 76	1759500 
850 75	1817300 
850 77	1775650 
850 78	1849600 
850 79	1914200 
850 80	1881900 
850 81	1870850 
850 82	1805400 
850 84	1843650 
850 83	1893800 
850 85	1773950 
850 86	1867450 
850 88	1818150 
850 87	1909950 
850 89	1809650 
850 90	1904850 
850 91	1864900 
850 92	1836850 
850 93	1887850 
850 94	1773100 
850 95	1903150 
850 96	1989850 
850 97	1959250 
850 98	1877650 
850 99	1818150 
850 100	1872550 
900 1	2009700 
900 2	2170800 
900 3	2109600 
900 4	2052000 
900 5	2078100 
900 6	1890900 
900 8	1929600 
900 7	2235600 
900 9	2120400 
900 10	2155500 
900 11	2106000 
900 12	2100600 
900 13	1985400 
900 14	1958400 
900 15	2083500 
900 16	1980900 
900 17	2077200 
900 18	2047500 
900 19	2071800 
900 20	2248200 
900 21	2115900 
900 22	2073600 
900 23	2012400 
900 24	2010600 
900 25	2034000 
900 26	1975500 
900 27	2097900 
900 28	2169900 
900 30	2110500 
900 29	2208600 
900 31	2015100 
900 32	2091600 
900 33	2140200 
900 34	2139300 
900 35	1967400 
900 36	2087100 
900 37	2036700 
900 38	2083500 
900 39	2011500 
900 40	2081700 
900 41	2070900 
900 42	2045700 
900 43	2234700 
900 44	2086200 
900 45	2090700 
900 46	2067300 
900 47	2079900 
900 48	2045700 
900 50	2011500 
900 49	2125800 
900 51	2080800 
900 52	2075400 
900 54	1961100 
900 53	2064600 
900 55	1974600 
900 56	2108700 
900 58	1904400 
900 57	2191500 
900 59	2056500 
900 60	1994400 
900 61	1986300 
900 62	2041200 
900 63	2043900 
900 64	2047500 
900 65	2150100 
900 66	1962000 
900 67	2040300 
900 68	2065500 
900 69	2059200 
900 70	1936800 
900 71	2034900 
900 72	2037600 
900 73	2212200 
900 74	2367900 
900 75	2103300 
900 76	2043000 
900 77	2146500 
900 78	2051100 
900 79	2075400 
900 80	2088900 
900 81	1900800 
900 82	1978200 
900 83	2124900 
900 84	2069100 
900 85	2151000 
900 86	2217600 
900 87	2042100 
900 88	1955700 
900 89	2129400 
900 90	2090700 
900 91	2023200 
900 92	2277900 
900 94	1906200 
900 93	2152800 
900 95	1954800 
900 96	2027700 
900 97	2067300 
900 98	2114100 
900 99	2110500 
900 100	2049300 
950 1	2242000 
950 2	2300900 
950 3	2332250 
950 4	2373100 
950 5	2353150 
950 6	2306600 
950 7	2206850 
950 8	2310400 
950 9	2281900 
950 10	2254350 
950 11	2258150 
950 12	2271450 
950 15	2248650 
950 13	2418700 
950 14	2313250 
950 16	2245800 
950 19	2214450 
950 17	2392100 
950 18	2404450 
950 20	2286650 
950 21	2289500 
950 22	2192600 
950 23	2217300 
950 24	2361700 
950 26	2204000 
950 27	2225850 
950 25	2342700 
950 28	2277150 
950 29	2334150 
950 30	2373100 
950 31	2456700 
950 32	2084300 
950 33	2302800 
950 34	2169800 
950 35	2250550 
950 36	2250550 
950 37	2223000 
950 38	2357900 
950 39	2435800 
950 40	2166000 
950 41	2442450 
950 42	2346500 
950 43	2217300 
950 44	2156500 
950 47	2052950 
950 46	2323700 
950 45	2393050 
950 48	2303750 
950 49	2120400 
950 51	2237250 
950 50	2396850 
950 52	2315150 
950 53	2213500 
950 54	2342700 
950 56	2265750 
950 55	2377850 
950 57	2287600 
950 60	2074800 
950 58	2369300 
950 59	2347450 
950 61	2318950 
950 62	2334150 
950 63	2296150 
950 64	2261950 
950 65	2302800 
950 66	2321800 
950 68	2332250 
950 67	2517500 
950 69	2160300 
950 70	2337000 
950 71	2269550 
950 72	2324650 
950 73	2331300 
950 75	2156500 
950 74	2381650 
950 76	2247700 
950 77	2472850 
950 78	2271450 
950 79	2220150 
950 80	2291400 
950 81	2147000 
950 82	2333200 
950 83	2363600 
950 84	2328450 
950 85	2191650 
950 86	2231550 
950 88	2250550 
950 87	2480450 
950 89	2159350 
950 90	2413950 
950 92	2275250 
950 91	2403500 
950 93	2296150 
950 95	2003550 
950 94	2337950 
950 96	2358850 
950 97	2339850 
950 98	2247700 
950 99	2248650 
950 100	2265750 
1000 1	2471000 
1000 2	2537000 
1000 3	2673000 
1000 4	2577000 
1000 5	2655000 
1000 6	2354000 
1000 7	2499000 
1000 8	2581000 
1000 9	2475000 
1000 10	2353000 
1000 11	2567000 
1000 12	2466000 
1000 13	2589000 
1000 14	2489000 
1000 15	2413000 
1000 16	2464000 
1000 18	2588000 
1000 17	2745000 
1000 19	2553000 
1000 20	2468000 
1000 21	2471000 
1000 22	2459000 
1000 23	2624000 
1000 24	2541000 
1000 26	2562000 
1000 25	2576000 
1000 27	2478000 
1000 28	2565000 
1000 30	2520000 
1000 29	2524000 
1000 31	2510000 
1000 32	2449000 
1000 33	2557000 
1000 34	2790000 
1000 36	2398000 
1000 35	2526000 
1000 37	2527000 
1000 38	2500000 
1000 40	2478000 
1000 39	2529000 
1000 41	2409000 
1000 42	2509000 
1000 43	2550000 
1000 44	2692000 
1000 45	2464000 
1000 46	2577000 
1000 47	2569000 
1000 48	2481000 
1000 49	2540000 
1000 50	2644000 
1000 51	2541000 
1000 52	2510000 
1000 53	2626000 
1000 54	2659000 
1000 55	2623000 
1000 56	2603000 
1000 57	2530000 
1000 58	2384000 
1000 60	2366000 
1000 59	2543000 
1000 61	2603000 
1000 62	2415000 
1000 64	2334000 
1000 63	2626000 
1000 65	2467000 
1000 66	2539000 
1000 67	2437000 
1000 68	2542000 
1000 69	2748000 
1000 71	2520000 
1000 70	2595000 
1000 72	2664000 
1000 74	2439000 
1000 73	2645000 
1000 75	2612000 
1000 76	2533000 
1000 77	2489000 
1000 79	2305000 
1000 78	2614000 
1000 80	2387000 
1000 81	2533000 
1000 82	2549000 
1000 83	2632000 
1000 84	2522000 
1000 85	2516000 
1000 86	2534000 
1000 87	2396000 
1000 88	2675000 
1000 89	2441000 
1000 90	2422000 
1000 91	2459000 
1000 92	2748000 
1000 94	2352000 
1000 95	2408000 
1000 93	2674000 
1000 96	2661000 
1000 97	2530000 
1000 98	2520000 
1000 99	2610000 
1000 100	2587000 
