50 1	155250 
50 2	155250 
50 4	155250 
50 3	162000 
50 6	162000 
50 8	162000 
50 7	168750 
50 5	175500 
50 9	162000 
50 11	162000 
50 10	168750 
50 12	168750 
50 13	141750 
50 15	155250 
50 16	148500 
50 14	162000 
50 17	168750 
50 18	162000 
50 19	162000 
50 20	168750 
50 21	162000 
50 24	155250 
50 23	168750 
50 22	175500 
50 25	168750 
50 26	162000 
50 28	155250 
50 27	168750 
50 29	162000 
50 30	168750 
50 32	155250 
50 31	168750 
50 33	168750 
50 34	162000 
50 36	155250 
50 35	162000 
50 37	168750 
50 39	155250 
50 38	168750 
50 40	162000 
50 41	148500 
50 43	148500 
50 42	162000 
50 44	155250 
50 45	168750 
50 46	168750 
50 48	155250 
50 47	168750 
50 51	128250 
50 49	148500 
50 50	168750 
50 52	175500 
50 53	162000 
50 54	162000 
50 55	168750 
50 56	162000 
50 57	155250 
50 58	155250 
50 59	148500 
50 60	148500 
50 62	128250 
50 61	168750 
50 63	148500 
50 64	155250 
50 65	162000 
50 66	162000 
50 67	162000 
50 68	155250 
50 69	168750 
50 70	148500 
50 71	155250 
50 72	162000 
50 73	162000 
50 74	162000 
50 76	155250 
50 75	168750 
50 77	162000 
50 80	141750 
50 78	162000 
50 79	168750 
50 81	155250 
50 82	155250 
50 83	162000 
50 84	168750 
50 85	162000 
50 86	162000 
50 87	168750 
50 88	155250 
50 89	162000 
50 90	155250 
50 91	162000 
50 92	162000 
50 93	162000 
50 94	162000 
50 95	148500 
50 96	155250 
50 97	148500 
50 98	162000 
50 99	162000 
50 100	155250 
100 4	702000 
100 2	742500 
100 1	769500 
100 3	756000 
100 5	729000 
100 7	756000 
100 6	756000 
100 8	742500 
100 9	756000 
100 11	742500 
100 10	756000 
100 12	742500 
100 13	729000 
100 16	783000 
100 15	756000 
100 14	769500 
100 17	756000 
100 19	742500 
100 20	769500 
100 18	783000 
100 21	769500 
100 22	729000 
100 24	769500 
100 23	783000 
100 25	769500 
100 26	769500 
100 27	769500 
100 28	783000 
100 29	783000 
100 30	769500 
100 32	742500 
100 31	783000 
100 33	742500 
100 34	756000 
100 36	742500 
100 35	783000 
100 37	769500 
100 40	742500 
100 39	729000 
100 38	769500 
100 42	769500 
100 43	756000 
100 44	769500 
100 41	783000 
100 47	702000 
100 46	742500 
100 45	756000 
100 48	756000 
100 49	756000 
100 50	729000 
100 52	756000 
100 51	783000 
100 53	742500 
100 54	769500 
100 55	756000 
100 56	742500 
100 58	715500 
100 57	729000 
100 60	715500 
100 59	756000 
100 61	742500 
100 62	769500 
100 63	783000 
100 64	769500 
100 65	742500 
100 66	756000 
100 67	783000 
100 68	756000 
100 69	756000 
100 71	756000 
100 70	783000 
100 72	756000 
100 73	769500 
100 75	742500 
100 74	756000 
100 76	783000 
100 77	756000 
100 78	742500 
100 79	783000 
100 80	756000 
100 81	742500 
100 82	769500 
100 83	756000 
100 84	756000 
100 85	742500 
100 86	769500 
100 87	742500 
100 88	756000 
100 89	742500 
100 90	742500 
100 91	769500 
100 92	783000 
100 93	756000 
100 94	769500 
100 95	769500 
100 96	742500 
100 100	729000 
100 98	756000 
100 99	742500 
100 97	796500 
150 3	1741500 
150 1	1802250 
150 4	1802250 
150 2	1822500 
150 5	1782000 
150 7	1761750 
150 8	1822500 
150 6	1863000 
150 10	1680750 
150 9	1802250 
150 12	1802250 
150 11	1802250 
150 13	1802250 
150 14	1802250 
150 15	1782000 
150 16	1802250 
150 17	1842750 
150 18	1822500 
150 20	1802250 
150 19	1842750 
150 22	1822500 
150 21	1863000 
150 24	1822500 
150 23	1863000 
150 26	1802250 
150 25	1863000 
150 28	1802250 
150 27	1822500 
150 29	1782000 
150 31	1802250 
150 30	1842750 
150 32	1822500 
150 33	1782000 
150 35	1761750 
150 34	1822500 
150 36	1782000 
150 37	1842750 
150 38	1782000 
150 40	1782000 
150 39	1822500 
150 41	1842750 
150 43	1822500 
150 44	1802250 
150 42	1863000 
150 45	1782000 
150 47	1802250 
150 46	1802250 
150 48	1802250 
150 49	1761750 
150 50	1802250 
150 51	1822500 
150 52	1822500 
150 53	1782000 
150 54	1842750 
150 55	1842750 
150 56	1842750 
150 57	1802250 
150 58	1842750 
150 59	1863000 
150 60	1863000 
150 61	1802250 
150 62	1822500 
150 64	1802250 
150 63	1842750 
150 65	1721250 
150 66	1761750 
150 67	1802250 
150 68	1761750 
150 69	1822500 
150 70	1822500 
150 71	1822500 
150 72	1802250 
150 73	1782000 
150 74	1842750 
150 76	1802250 
150 75	1863000 
150 77	1802250 
150 79	1761750 
150 78	1822500 
150 80	1822500 
150 81	1802250 
150 83	1782000 
150 82	1822500 
150 84	1802250 
150 85	1782000 
150 86	1782000 
150 87	1842750 
150 88	1883250 
150 89	1802250 
150 90	1802250 
150 91	1842750 
150 92	1822500 
150 93	1761750 
150 94	1802250 
150 95	1822500 
150 96	1863000 
150 97	1802250 
150 98	1761750 
150 99	1802250 
150 100	1842750 
200 1	3321000 
200 2	3321000 
200 3	3348000 
200 4	3321000 
200 5	3240000 
200 6	3348000 
200 8	3321000 
200 7	3375000 
200 9	3267000 
200 10	3321000 
200 11	3321000 
200 12	3375000 
200 13	3240000 
200 14	3402000 
200 15	3294000 
200 16	3348000 
200 17	3348000 
200 19	3186000 
200 18	3348000 
200 20	3267000 
200 21	3294000 
200 22	3294000 
200 23	3294000 
200 24	3402000 
200 25	3294000 
200 26	3267000 
200 27	3375000 
200 28	3321000 
200 29	3348000 
200 30	3375000 
200 31	3240000 
200 32	3294000 
200 33	3348000 
200 34	3321000 
200 35	3321000 
200 36	3375000 
200 37	3402000 
200 38	3294000 
200 39	3348000 
200 40	3321000 
200 41	3321000 
200 42	3348000 
200 43	3294000 
200 44	3348000 
200 45	3375000 
200 46	3429000 
200 47	3321000 
200 48	3348000 
200 49	3294000 
200 51	3294000 
200 50	3321000 
200 52	3429000 
200 53	3294000 
200 55	3267000 
200 54	3375000 
200 56	3402000 
200 57	3267000 
200 59	3132000 
200 58	3267000 
200 60	3321000 
200 61	3348000 
200 62	3375000 
200 63	3348000 
200 64	3294000 
200 65	3294000 
200 67	3240000 
200 66	3402000 
200 68	3375000 
200 69	3321000 
200 70	3348000 
200 71	3429000 
200 72	3348000 
200 73	3294000 
200 74	3267000 
200 75	3294000 
200 76	3321000 
200 77	3348000 
200 78	3294000 
200 79	3267000 
200 80	3375000 
200 81	3321000 
200 82	3240000 
200 83	3267000 
200 84	3240000 
200 85	3375000 
200 86	3348000 
200 87	3321000 
200 88	3348000 
200 89	3348000 
200 90	3348000 
200 91	3267000 
200 92	3321000 
200 93	3321000 
200 94	3267000 
200 95	3348000 
200 96	3429000 
200 97	3267000 
200 98	3132000 
200 99	3294000 
200 100	3348000 
250 1	5332500 
250 2	5433750 
250 3	5332500 
250 4	5298750 
250 5	5433750 
250 6	5366250 
250 7	5366250 
250 8	5265000 
250 9	5298750 
250 10	5265000 
250 11	5163750 
250 12	5197500 
250 13	5400000 
250 14	5231250 
250 15	5332500 
250 16	5231250 
250 18	5130000 
250 17	5298750 
250 19	5298750 
250 20	5366250 
250 21	5231250 
250 22	5298750 
250 23	5265000 
250 24	5265000 
250 25	5433750 
250 26	5332500 
250 27	5265000 
250 28	5265000 
250 29	5265000 
250 30	5332500 
250 31	5298750 
250 32	5130000 
250 33	5366250 
250 34	5298750 
250 36	5231250 
250 35	5366250 
250 37	5265000 
250 39	5197500 
250 38	5366250 
250 40	5298750 
250 41	5130000 
250 42	5265000 
250 44	5265000 
250 43	5265000 
250 45	5265000 
250 46	5298750 
250 47	5265000 
250 48	5366250 
250 49	5400000 
250 50	5366250 
250 51	5433750 
250 52	5467500 
250 53	5265000 
250 54	5298750 
250 55	5332500 
250 56	5298750 
250 57	5366250 
250 58	5298750 
250 59	5265000 
250 60	5298750 
250 61	5265000 
250 62	5332500 
250 63	5265000 
250 64	5433750 
250 65	5400000 
250 67	5130000 
250 66	5265000 
250 68	5197500 
250 69	5265000 
250 70	5062500 
250 71	5298750 
250 72	5197500 
250 74	5231250 
250 73	5298750 
250 75	5298750 
250 76	5265000 
250 77	5366250 
250 78	5332500 
250 79	5332500 
250 80	5332500 
250 82	5231250 
250 81	5298750 
250 83	5265000 
250 84	5231250 
250 85	5231250 
250 86	5265000 
250 87	5298750 
250 88	5332500 
250 89	5298750 
250 90	5400000 
250 91	5265000 
250 92	5231250 
250 94	5163750 
250 93	5197500 
250 95	5298750 
250 96	5298750 
250 97	5163750 
250 98	5332500 
250 99	5163750 
250 100	5163750 
300 1	7735500 
300 3	7533000 
300 2	7816500 
300 4	7735500 
300 5	7654500 
300 6	7654500 
300 7	7735500 
300 8	7695000 
300 9	7614000 
300 10	7735500 
300 11	7654500 
300 12	7735500 
300 13	7695000 
300 14	7776000 
300 15	7776000 
300 16	7816500 
300 17	7614000 
300 18	7735500 
300 19	7735500 
300 20	7776000 
300 21	7735500 
300 22	7816500 
300 23	7857000 
300 24	7735500 
300 25	7573500 
300 26	7776000 
300 27	7695000 
300 28	7654500 
300 29	7816500 
300 30	7695000 
300 31	7654500 
300 32	7816500 
300 33	7695000 
300 34	7695000 
300 35	7857000 
300 36	7695000 
300 37	7735500 
300 38	7735500 
300 39	7695000 
300 40	7816500 
300 41	7614000 
300 42	7776000 
300 43	7735500 
300 44	7695000 
300 45	7776000 
300 46	7614000 
300 47	7695000 
300 48	7735500 
300 49	7776000 
300 50	7654500 
300 51	7816500 
300 52	7654500 
300 53	7735500 
300 54	7614000 
300 55	7573500 
300 56	7695000 
300 57	7816500 
300 58	7735500 
300 59	7654500 
300 60	7735500 
300 61	7776000 
300 62	7816500 
300 63	7735500 
300 64	7614000 
300 65	7654500 
300 66	7695000 
300 67	7695000 
300 68	7776000 
300 69	7654500 
300 70	7654500 
300 71	7614000 
300 72	7938000 
300 73	7776000 
300 74	7857000 
300 75	7857000 
300 76	7695000 
300 77	7654500 
300 78	7654500 
300 79	7776000 
300 80	7816500 
300 81	7695000 
300 82	7776000 
300 83	7654500 
300 84	7695000 
300 85	7776000 
300 86	7614000 
300 87	7735500 
300 88	7695000 
300 89	7573500 
300 90	7776000 
300 91	7816500 
300 92	7776000 
300 93	7614000 
300 94	7695000 
300 95	7695000 
300 96	7735500 
300 97	7735500 
300 98	7533000 
300 99	7654500 
300 100	7857000 
350 1	10584000 
350 2	10631250 
350 3	10584000 
350 4	10725750 
350 5	10678500 
350 6	10631250 
350 7	10678500 
350 8	10678500 
350 9	10536750 
350 10	10489500 
350 11	10536750 
350 12	10631250 
350 13	10773000 
350 14	10489500 
350 15	10678500 
350 16	10442250 
350 17	10536750 
350 18	10584000 
350 19	10678500 
350 20	10678500 
350 22	10536750 
350 21	10631250 
350 23	10442250 
350 24	10678500 
350 26	10536750 
350 25	10773000 
350 27	10584000 
350 28	10678500 
350 29	10678500 
350 30	10678500 
350 31	10584000 
350 32	10678500 
350 34	10584000 
350 33	10631250 
350 35	10725750 
350 36	10395000 
350 37	10536750 
350 38	10678500 
350 39	10536750 
350 40	10536750 
350 41	10725750 
350 42	10631250 
350 43	10820250 
350 44	10631250 
350 45	10631250 
350 46	10536750 
350 47	10867500 
350 48	10678500 
350 50	10442250 
350 49	10725750 
350 51	10584000 
350 52	10395000 
350 53	10584000 
350 54	10725750 
350 56	10584000 
350 55	10631250 
350 57	10489500 
350 58	10489500 
350 59	10584000 
350 60	10678500 
350 61	10631250 
350 62	10536750 
350 63	10678500 
350 64	10773000 
350 65	10631250 
350 66	10631250 
350 67	10725750 
350 68	10631250 
350 69	10725750 
350 70	10584000 
350 71	10536750 
350 72	10584000 
350 73	10536750 
350 74	10584000 
350 75	10442250 
350 76	10678500 
350 78	10395000 
350 77	10725750 
350 79	10725750 
350 80	10584000 
350 81	10489500 
350 82	10725750 
350 83	10773000 
350 84	10773000 
350 85	10678500 
350 86	10631250 
350 87	10584000 
350 88	10678500 
350 89	10489500 
350 90	10584000 
350 92	10206000 
350 91	10725750 
350 93	10584000 
350 94	10631250 
350 95	10395000 
350 96	10820250 
350 97	10584000 
350 98	10725750 
350 99	10489500 
350 100	10489500 
400 1	13932000 
400 2	13986000 
400 3	14202000 
400 4	14148000 
400 6	13716000 
400 5	14148000 
400 7	13932000 
400 8	13878000 
400 10	13986000 
400 9	14040000 
400 11	14094000 
400 12	14040000 
400 13	14040000 
400 14	14040000 
400 15	14094000 
400 16	13878000 
400 18	13986000 
400 17	14256000 
400 19	13986000 
400 20	13716000 
400 21	14040000 
400 22	13986000 
400 24	13986000 
400 23	14148000 
400 25	13932000 
400 26	14040000 
400 28	13716000 
400 27	14040000 
400 29	13878000 
400 30	14202000 
400 31	14148000 
400 32	14040000 
400 33	14094000 
400 34	14094000 
400 35	13770000 
400 36	13986000 
400 37	14202000 
400 38	13878000 
400 39	13932000 
400 40	14094000 
400 41	13824000 
400 42	13986000 
400 43	13932000 
400 44	13986000 
400 45	13932000 
400 46	13986000 
400 47	13986000 
400 48	13878000 
400 49	13716000 
400 50	14148000 
400 51	14094000 
400 52	14040000 
400 53	13986000 
400 54	13932000 
400 55	13986000 
400 56	13932000 
400 57	14040000 
400 58	14148000 
400 59	13878000 
400 60	13878000 
400 61	14094000 
400 62	13824000 
400 63	14148000 
400 64	14256000 
400 65	14094000 
400 67	13770000 
400 66	14094000 
400 68	13878000 
400 71	13878000 
400 70	13986000 
400 69	13932000 
400 72	13986000 
400 74	13932000 
400 73	13986000 
400 75	13932000 
400 76	14148000 
400 78	14094000 
400 77	14148000 
400 79	14256000 
400 80	13932000 
400 81	13932000 
400 82	13932000 
400 83	13932000 
400 84	14148000 
400 85	13986000 
400 86	14040000 
400 87	13986000 
400 88	13824000 
400 91	13716000 
400 89	14040000 
400 90	13986000 
400 92	13932000 
400 94	13770000 
400 95	13932000 
400 93	14148000 
400 96	13500000 
400 98	13770000 
400 97	14094000 
400 99	13932000 
400 100	14202000 
 

