50 2	504 
50 3	336 
50 4	420 
50 6	462 
50 5	420 
50 7	378 
50 9	462 
50 8	378 
50 10	336 
50 12	378 
50 11	336 
50 13	420 
50 15	378 
50 14	378 
50 16	546 
50 18	378 
50 17	294 
50 20	420 
50 19	630 
50 21	672 
50 22	378 
50 23	420 
50 25	336 
50 26	336 
50 24	462 
50 27	462 
50 28	378 
50 29	378 
50 30	378 
50 31	420 
50 32	378 
50 33	336 
50 34	966 
50 35	420 
50 36	462 
50 37	462 
50 39	378 
50 38	294 
50 42	420 
50 41	294 
50 43	378 
50 44	336 
50 40	672 
50 45	420 
50 47	378 
50 46	294 
50 48	588 
50 50	378 
50 49	378 
50 51	378 
50 52	294 
50 53	378 
50 55	420 
50 54	462 
50 57	294 
50 56	378 
50 59	294 
50 60	420 
50 58	336 
50 61	336 
50 63	378 
50 62	378 
50 64	294 
50 65	420 
50 67	420 
50 66	336 
50 68	378 
50 70	420 
50 69	336 
50 71	378 
50 73	420 
50 74	378 
50 72	294 
50 75	546 
50 76	504 
50 77	420 
50 79	294 
50 78	378 
50 80	378 
50 82	378 
50 83	378 
50 81	588 
50 85	504 
50 84	378 
50 87	504 
50 89	336 
50 88	546 
50 90	378 
50 86	378 
50 91	504 
50 93	294 
50 92	336 
50 95	294 
50 94	378 
50 96	378 
50 98	294 
50 97	420 
50 100	462 
50 99	504 
100 2	840 
100 3	720 
100 1	720 
100 4	1020 
100 5	720 
100 6	900 
100 8	780 
100 7	840 
100 9	660 
100 10	660 
100 11	720 
100 12	780 
100 13	1560 
100 14	1200 
100 15	840 
100 17	900 
100 16	1080 
100 19	960 
100 20	720 
100 18	720 
100 21	720 
100 22	1080 
100 23	1020 
100 24	720 
100 25	720 
100 27	780 
100 26	840 
100 28	780 
100 29	780 
100 30	1140 
100 31	1560 
100 33	840 
100 34	720 
100 32	1020 
100 35	960 
100 36	840 
100 37	840 
100 38	720 
100 39	900 
100 40	720 
100 41	840 
100 42	720 
100 43	960 
100 44	1200 
100 45	1020 
100 46	1200 
100 48	780 
100 47	780 
100 49	1860 
100 50	960 
100 51	1140 
100 52	780 
100 53	1140 
100 54	720 
100 55	720 
100 56	720 
100 57	1200 
100 58	780 
100 59	840 
100 60	720 
100 61	780 
100 62	960 
100 63	840 
100 65	840 
100 66	1140 
100 64	720 
100 67	1020 
100 68	780 
100 69	840 
100 70	1500 
100 71	960 
100 72	720 
100 73	1140 
100 74	960 
100 75	720 
100 76	840 
100 77	900 
100 78	1320 
100 79	1740 
100 80	840 
100 82	1080 
100 81	960 
100 83	840 
100 84	780 
100 85	840 
100 86	960 
100 87	1020 
100 88	1020 
100 90	720 
100 89	840 
100 92	780 
100 91	780 
100 93	900 
100 94	840 
100 96	780 
100 97	900 
100 95	1140 
100 98	1380 
100 99	1440 
100 100	660 
150 1	1080 
150 2	1800 
150 3	1296 
150 4	1440 
150 6	1296 
150 5	1728 
150 7	1008 
150 8	1656 
150 9	1800 
150 10	1440 
150 12	1224 
150 13	1368 
150 11	1800 
150 14	2016 
150 15	1368 
150 17	1080 
150 16	1656 
150 18	1296 
150 19	1008 
150 20	1440 
150 21	2160 
150 22	1008 
150 24	1944 
150 23	1080 
150 25	1656 
150 28	1368 
150 27	1296 
150 26	1584 
150 29	1296 
150 30	1512 
150 31	1584 
150 32	1080 
150 33	1656 
150 34	1656 
150 35	1152 
150 36	1152 
150 37	1512 
150 38	1728 
150 39	1152 
150 40	1944 
150 41	1296 
150 42	2376 
150 44	1080 
150 45	1368 
150 43	1152 
150 46	1152 
150 47	1656 
150 48	1512 
150 49	1368 
150 50	1800 
150 51	1368 
150 52	1296 
150 53	1224 
150 54	1152 
150 55	1296 
150 56	1584 
150 57	1440 
150 58	1152 
150 60	1080 
150 61	1728 
150 62	1152 
150 59	2016 
150 63	1800 
150 64	1368 
150 65	2088 
150 66	1296 
150 67	1368 
150 68	1800 
150 69	1008 
150 70	1440 
150 71	2304 
150 72	1440 
150 73	1728 
150 74	1008 
150 76	1368 
150 75	1368 
150 77	1080 
150 78	1152 
150 79	1152 
150 80	1008 
150 81	1080 
150 82	1656 
150 83	1584 
150 84	1224 
150 85	1584 
150 86	1440 
150 87	1152 
150 88	1944 
150 89	1440 
150 90	1368 
150 93	1440 
150 92	1224 
150 91	1224 
150 94	1368 
150 95	1656 
150 97	1080 
150 96	1296 
150 98	1224 
150 99	1296 
150 100	1008 
50 1	504 
200 2	2352 
200 3	1512 
200 4	1428 
200 5	1596 
200 6	1680 
200 8	1512 
200 9	1512 
200 7	2268 
200 10	2016 
200 11	2184 
200 1	2436 
200 13	2184 
200 14	1680 
200 15	2100 
200 16	2856 
200 17	1512 
200 18	2100 
200 19	2436 
200 12	2856 
200 22	1512 
200 23	1428 
200 21	2352 
200 24	1680 
200 25	2184 
200 26	1932 
200 27	1764 
200 28	2268 
200 29	1512 
200 30	1596 
200 20	2688 
200 32	2352 
200 33	1428 
200 34	3024 
200 36	1680 
200 37	1512 
200 35	1764 
200 38	1764 
200 39	2016 
200 31	2184 
200 41	2016 
200 40	2100 
200 42	2016 
200 44	1932 
200 45	1428 
200 46	1680 
200 47	2016 
200 48	1596 
200 43	3108 
200 50	1932 
200 52	1764 
200 53	1848 
200 51	2268 
200 54	1344 
200 55	1848 
200 56	1680 
200 57	1764 
200 58	1596 
200 49	2268 
200 60	1848 
200 61	1680 
200 62	1596 
200 59	2604 
200 64	1680 
200 65	1428 
200 68	1596 
200 67	1848 
200 66	1512 
200 69	1932 
200 70	1764 
200 71	1764 
200 72	1428 
200 73	1512 
200 63	2352 
200 75	1260 
200 76	1428 
200 77	1764 
200 74	2520 
200 78	1932 
200 79	1932 
200 80	2436 
200 83	1512 
200 82	2184 
200 81	2772 
200 85	1848 
200 86	1680 
200 84	2520 
200 88	1848 
200 89	2268 
200 90	1764 
200 91	1764 
200 92	1764 
200 93	1764 
200 87	3780 
200 95	1764 
200 98	2016 
200 97	1344 
200 96	1764 
200 99	2016 
200 100	1428 
200 94	2436 
250 2	2430 
250 3	2610 
250 4	2070 
250 5	2430 
250 1	2610 
250 6	2880 
250 7	2700 
250 10	3060 
250 11	2880 
250 9	2430 
250 8	2520 
250 12	2520 
250 13	2880 
250 14	3330 
250 16	2160 
250 15	2700 
250 18	1710 
250 17	3510 
250 19	4320 
250 21	2970 
250 22	3330 
250 24	2430 
250 25	2250 
250 23	2520 
250 26	2700 
250 27	3420 
250 28	3780 
250 20	4950 
250 30	1980 
250 29	2340 
250 32	2340 
250 33	2790 
250 31	2160 
250 36	1890 
250 35	3240 
250 34	1800 
250 37	1980 
250 38	2250 
250 39	2700 
250 41	1890 
250 42	2250 
250 40	2160 
250 44	2520 
250 45	1890 
250 46	1890 
250 47	4590 
250 43	2250 
250 50	2430 
250 49	2790 
250 51	2160 
250 52	2430 
250 53	2610 
250 48	2610 
250 54	2970 
250 56	2610 
250 57	2880 
250 55	2790 
250 59	1890 
250 61	2970 
250 60	2160 
250 62	1980 
250 63	1980 
250 58	3510 
250 64	3420 
250 65	2430 
250 67	3240 
250 68	2070 
250 66	3240 
250 70	2160 
250 69	2520 
250 73	3510 
250 72	2070 
250 71	2340 
250 75	2430 
250 76	1800 
250 74	2970 
250 78	2070 
250 77	3510 
250 80	3420 
250 79	3960 
250 81	2970 
250 83	2070 
250 85	2160 
250 86	3510 
250 84	2520 
250 82	2700 
250 88	2250 
250 87	2880 
250 89	2160 
250 90	2610 
250 92	2340 
250 93	2520 
250 91	2880 
250 94	2790 
250 96	1980 
250 99	2340 
250 98	2520 
250 97	3780 
250 100	2430 
250 95	2160 
300 1	2652 
300 2	2244 
300 3	2958 
300 4	3264 
300 5	3060 
300 6	4182 
300 8	2652 
300 10	3774 
300 9	3366 
300 7	3264 
300 11	3060 
300 13	3162 
300 12	3468 
300 14	3774 
300 16	2244 
300 17	2550 
300 15	4284 
300 20	3366 
300 19	2754 
300 18	3468 
300 21	3468 
300 23	2856 
300 24	3570 
300 26	2346 
300 25	2856 
300 22	6732 
300 29	2142 
300 28	4896 
300 31	2448 
300 30	3570 
300 27	4080 
300 32	2958 
300 34	2244 
300 33	3774 
300 37	3162 
300 36	3570 
300 35	5304 
300 40	2754 
300 39	3672 
300 38	3774 
300 41	2754 
300 43	2550 
300 42	2652 
300 45	2448 
300 44	3876 
300 47	2856 
300 46	3366 
300 48	2958 
300 51	3162 
300 50	3570 
300 52	3162 
300 53	3774 
300 49	2754 
300 56	2652 
300 55	3366 
300 54	3672 
300 58	3264 
300 57	3162 
300 61	2754 
300 60	3060 
300 59	3162 
300 62	2448 
300 64	2652 
300 63	3978 
300 65	3162 
300 67	2958 
300 66	3570 
300 68	2652 
300 69	4692 
300 72	2652 
300 71	2958 
300 70	3876 
300 73	2958 
300 74	3468 
300 76	2346 
300 75	4182 
300 77	3774 
300 78	3876 
300 79	3570 
300 83	2856 
300 82	2652 
300 81	3468 
300 80	3468 
300 84	2244 
300 85	3264 
300 86	3264 
300 88	2754 
300 87	2754 
300 89	5100 
300 90	2550 
300 91	2958 
300 94	4284 
300 93	4998 
300 92	2652 
300 95	3978 
300 96	2958 
300 98	2856 
300 97	2448 
300 99	4080 
350 1	4212 
350 3	2592 
350 2	3348 
350 4	3672 
300 100	4182 
350 5	3348 
350 6	2916 
350 8	4104 
350 10	3348 
350 9	5184 
350 7	3996 
350 13	3348 
350 12	4212 
350 11	3888 
350 14	3888 
350 15	3024 
350 17	3240 
350 16	3672 
350 18	3132 
350 21	3888 
350 22	3780 
350 20	6804 
350 19	4968 
350 24	3780 
350 23	4212 
350 25	5616 
350 27	3672 
350 26	4320 
350 28	4860 
350 31	3996 
350 32	5724 
350 30	6588 
350 29	4104 
350 34	3888 
350 35	4104 
350 33	3240 
350 36	3348 
350 40	2916 
350 39	4104 
350 38	5508 
350 37	4644 
350 41	3996 
350 43	3996 
350 42	6048 
350 44	4428 
350 45	3996 
350 46	4428 
350 50	3240 
350 49	3132 
350 48	2592 
350 47	4104 
350 52	3780 
350 54	3132 
350 53	3888 
350 51	4428 
350 57	3564 
350 58	4536 
350 56	3456 
350 55	3240 
350 59	3132 
350 60	4104 
350 62	3672 
350 63	2700 
350 61	2916 
350 64	2916 
350 65	2592 
350 66	3672 
350 69	3348 
350 68	3024 
350 67	3888 
350 70	3888 
350 71	3564 
350 72	3348 
350 73	3672 
350 74	3672 
350 75	2916 
350 77	3564 
350 80	3240 
350 79	3348 
350 78	3780 
350 76	4212 
350 83	2808 
350 82	3996 
350 81	5832 
350 84	4428 
350 85	3672 
350 86	3348 
350 88	2916 
350 87	4428 
350 89	4104 
350 90	3564 
350 91	4860 
350 92	3996 
350 93	3780 
350 94	5724 
350 95	3564 
350 97	4536 
350 99	3564 
350 98	3564 
350 96	4428 
350 100	3348 
400 1	4680 
400 2	5400 
400 3	5760 
400 4	5520 
400 5	4440 
400 7	3960 
400 6	5640 
400 8	6480 
400 10	4920 
400 12	3720 
400 11	3600 
400 9	6720 
400 13	4800 
400 16	3600 
400 15	4200 
400 14	4320 
400 17	5040 
400 18	4680 
400 20	3480 
400 19	5280 
400 21	3960 
400 22	4200 
400 23	4200 
400 24	3600 
400 27	3960 
400 26	4800 
400 25	3960 
400 28	4200 
400 29	5160 
400 31	4320 
400 30	8880 
400 34	3600 
400 35	4320 
400 33	4680 
400 32	6480 
400 36	3120 
400 37	3720 
400 38	3720 
400 39	4440 
400 40	5520 
400 41	3600 
400 43	4080 
400 44	4680 
400 42	6240 
400 45	3960 
400 46	5520 
400 48	5760 
400 47	6120 
400 50	4440 
400 52	3600 
400 51	4440 
400 49	7080 
400 53	3240 
400 54	4800 
400 55	4080 
400 56	5520 
400 57	4440 
400 61	3960 
400 60	4560 
400 59	4560 
400 58	5040 
400 62	3360 
400 63	3840 
400 64	3360 
400 65	4200 
400 66	4200 
400 67	5400 
400 70	3360 
400 69	4800 
400 68	3960 
400 71	4200 
400 74	3120 
400 72	6600 
400 73	6000 
400 76	4320 
400 78	4200 
400 77	7320 
400 75	5520 
400 79	3600 
400 80	4680 
400 81	5520 
400 82	4920 
400 83	4320 
400 84	3840 
400 85	4920 
400 88	4920 
400 87	4200 
400 86	4320 
400 89	4920 
400 90	4320 
400 91	5040 
400 92	5040 
400 93	4800 
400 96	3600 
400 95	4560 
400 94	4200 
400 97	4680 
400 99	3840 
400 98	3960 
400 100	3960 
450 1	4662 
450 2	5040 
450 4	4662 
450 6	4410 
450 5	7056 
450 3	5670 
450 7	5166 
450 8	5418 
450 9	5040 
450 10	5166 
450 12	3528 
450 14	3780 
450 13	4536 
450 11	4536 
450 16	3528 
450 15	4662 
450 17	4914 
450 18	4032 
450 22	4284 
450 21	5670 
450 20	6174 
450 19	4788 
450 24	4662 
450 25	4536 
450 23	6048 
450 26	5670 
450 29	4410 
450 28	4788 
450 30	4536 
450 27	5040 
450 31	5418 
450 33	4032 
450 32	5544 
450 34	5040 
450 35	4914 
450 37	4536 
450 36	5544 
450 38	8568 
450 40	4284 
450 39	7308 
450 41	4158 
450 43	5418 
450 45	5166 
450 44	7938 
450 42	6804 
450 46	5292 
450 48	3906 
450 47	5670 
450 49	4788 
450 53	4914 
450 52	5796 
450 51	5040 
450 50	5040 
450 54	4158 
450 55	4410 
450 57	4914 
450 56	5922 
450 59	4536 
450 58	4284 
450 61	4662 
450 60	6426 
450 62	4914 
450 63	5166 
450 65	4914 
450 64	6300 
450 68	4410 
450 67	4662 
450 66	4536 
450 71	4158 
450 70	5922 
450 69	6426 
450 72	5418 
450 75	4662 
450 74	5040 
450 76	4914 
450 73	7182 
450 77	5292 
450 78	5796 
450 79	6804 
450 80	5040 
450 82	4536 
450 83	6426 
450 84	4410 
450 85	4032 
450 81	9576 
450 86	4158 
450 87	3906 
450 90	5292 
450 89	5040 
450 88	5418 
450 91	7056 
450 93	4788 
450 92	5040 
450 94	6048 
450 98	4284 
450 97	4536 
450 96	4536 
450 95	10710 
450 100	5418 
450 99	7560 
500 2	4488 
500 1	6468 
500 6	4092 
500 4	6204 
500 3	6600 
500 8	5544 
500 9	5280 
500 7	7260 
500 5	7524 
500 11	4488 
500 10	5676 
500 12	5940 
500 13	5808 
500 14	5148 
500 18	4356 
500 17	4488 
500 16	5544 
500 15	8184 
500 19	5016 
500 21	5148 
500 22	5544 
500 20	8184 
500 24	5280 
500 25	6072 
500 23	7524 
500 26	5544 
500 27	5148 
500 28	5544 
500 32	4620 
500 31	5016 
500 30	7128 
500 29	7788 
500 33	4224 
500 36	4224 
500 35	6072 
500 34	6072 
500 39	6204 
500 40	6072 
500 38	7392 
500 37	4884 
500 44	5544 
500 41	6468 
500 43	8976 
500 42	8844 
500 45	5148 
500 46	5280 
500 48	5940 
500 50	5676 
500 49	6336 
500 47	7920 
500 51	5544 
500 53	5280 
500 52	7128 
500 54	6732 
500 55	6732 
500 56	4884 
500 57	6732 
500 59	3564 
500 58	7392 
500 60	6204 
500 61	5676 
500 63	5940 
500 62	5808 
500 64	7788 
500 65	5940 
500 66	5940 
500 67	5016 
500 68	5544 
500 71	5280 
500 70	6204 
500 69	6204 
500 72	5148 
500 74	5148 
500 73	5676 
500 75	4884 
500 77	5676 
500 76	5148 
500 78	7260 
500 79	7260 
500 80	5412 
500 81	5412 
500 82	5412 
500 84	6468 
500 86	4884 
500 85	6864 
500 83	7260 
500 87	5280 
500 88	4752 
500 89	5676 
500 90	5676 
500 91	6600 
500 92	6468 
500 93	4488 
500 96	5016 
500 97	5280 
500 95	8448 
500 98	5676 
500 94	10692 
500 99	6336 
500 100	7128 
