50 1	21735 
50 2	20790 
50 3	26460 
50 4	25515 
50 5	27405 
50 6	25515 
50 7	26460 
50 9	22680 
50 8	28350 
50 10	27405 
50 11	24570 
50 12	27405 
50 13	24570 
50 14	23625 
50 15	24570 
50 16	24570 
50 17	23625 
50 18	27405 
50 19	25515 
50 20	25515 
50 21	25515 
50 22	24570 
50 23	24570 
50 24	29295 
50 25	25515 
50 26	26460 
50 27	31185 
50 28	24570 
50 29	22680 
50 30	25515 
50 31	25515 
50 32	26460 
50 33	25515 
50 34	26460 
50 35	23625 
50 36	25515 
50 37	29295 
50 38	27405 
50 39	26460 
50 40	24570 
50 41	24570 
50 42	24570 
50 43	26460 
50 44	26460 
50 45	27405 
50 46	25515 
50 47	26460 
50 48	25515 
50 49	29295 
50 50	30240 
50 51	24570 
50 52	26460 
50 53	25515 
50 54	25515 
50 55	25515 
50 56	29295 
50 57	22680 
50 58	27405 
50 59	26460 
50 60	30240 
50 61	25515 
50 62	25515 
50 63	21735 
50 64	17010 
50 65	24570 
50 66	26460 
50 67	26460 
50 68	24570 
50 69	25515 
50 70	24570 
50 71	26460 
50 72	23625 
50 73	25515 
50 74	23625 
50 75	26460 
50 76	26460 
50 78	25515 
50 79	25515 
50 77	25515 
50 80	30240 
50 81	25515 
50 82	23625 
50 83	23625 
50 84	25515 
50 85	26460 
50 86	25515 
50 87	26460 
50 88	23625 
50 89	29295 
50 91	28350 
50 92	27405 
50 90	26460 
50 93	24570 
50 94	26460 
50 95	23625 
50 96	25515 
50 97	26460 
50 98	27405 
50 99	22680 
50 100	24570 
100 1	86400 
100 2	86400 
100 3	87750 
100 4	87750 
100 5	85050 
100 6	89100 
100 7	93150 
100 8	91800 
100 10	85050 
100 9	95850 
100 11	86400 
100 12	85050 
100 13	76950 
100 15	83700 
100 16	83700 
100 14	103950 
100 17	86400 
100 18	87750 
100 20	82350 
100 19	93150 
100 21	83700 
100 22	82350 
100 23	79650 
100 24	87750 
100 25	83700 
100 26	94500 
100 27	93150 
100 28	86400 
100 29	86400 
100 31	81000 
100 32	83700 
100 30	90450 
100 33	87750 
100 34	87750 
100 35	85050 
100 36	91800 
100 37	79650 
100 38	79650 
100 39	82350 
100 40	81000 
100 41	86400 
100 42	82350 
100 43	78300 
100 44	79650 
100 45	82350 
100 46	76950 
100 47	87750 
100 48	85050 
100 49	91800 
100 50	85050 
100 51	93150 
100 52	86400 
100 54	79650 
100 53	83700 
100 55	83700 
100 56	86400 
100 58	81000 
100 57	91800 
100 59	83700 
100 60	83700 
100 61	81000 
100 62	89100 
100 64	85050 
100 63	94500 
100 65	87750 
100 66	86400 
100 67	81000 
100 68	82350 
100 70	75600 
100 69	89100 
100 71	89100 
100 72	87750 
100 73	90450 
100 74	87750 
100 75	79650 
100 76	79650 
100 78	75600 
100 77	83700 
100 79	91800 
100 80	87750 
100 81	83700 
100 82	86400 
100 83	81000 
100 84	87750 
100 85	91800 
100 86	90450 
100 87	89100 
100 88	90450 
100 89	86400 
100 90	91800 
100 91	79650 
100 92	83700 
100 93	85050 
100 94	81000 
100 95	82350 
100 96	86400 
100 97	70200 
100 98	75600 
100 99	81000 
100 100	76950 
150 2	150660 
150 1	179820 
150 3	168480 
150 4	170100 
150 5	173340 
150 6	170100 
150 8	168480 
150 7	184680 
150 9	157140 
150 10	160380 
150 11	158760 
150 12	157140 
150 13	168480 
150 14	162000 
150 15	160380 
150 16	171720 
150 17	166860 
150 20	137700 
150 19	163620 
150 18	171720 
150 21	165240 
150 23	158760 
150 22	174960 
150 24	165240 
150 25	174960 
150 27	174960 
150 26	174960 
150 28	165240 
150 29	155520 
150 31	157140 
150 30	162000 
150 32	178200 
150 35	150660 
150 33	183060 
150 34	179820 
150 36	163620 
150 37	153900 
150 38	158760 
150 39	160380 
150 40	162000 
150 41	173340 
150 42	160380 
150 43	160380 
150 44	160380 
150 45	160380 
150 46	158760 
150 48	158760 
150 47	173340 
150 49	153900 
150 50	162000 
150 52	145800 
150 51	171720 
150 53	166860 
150 54	176580 
150 55	174960 
150 56	168480 
150 57	162000 
150 58	157140 
150 59	168480 
150 60	170100 
150 61	152280 
150 62	166860 
150 63	163620 
150 64	150660 
150 65	152280 
150 66	160380 
150 68	158760 
150 67	166860 
150 69	158760 
150 70	158760 
150 72	160380 
150 71	178200 
150 73	160380 
150 74	162000 
150 75	165240 
150 76	160380 
150 77	166860 
150 78	160380 
150 79	168480 
150 80	173340 
150 81	178200 
150 82	183060 
150 83	192780 
150 84	181440 
150 85	179820 
150 86	155520 
150 87	155520 
150 88	166860 
150 89	157140 
150 90	168480 
150 91	163620 
150 92	173340 
150 93	171720 
150 94	145800 
150 96	152280 
150 95	174960 
150 98	147420 
150 97	170100 
150 99	163620 
150 100	174960 
200 1	275940 
200 2	272160 
200 4	249480 
200 3	262710 
200 5	255150 
200 6	266490 
200 8	232470 
200 7	270270 
200 9	260820 
200 11	255150 
200 10	292950 
200 12	308070 
200 13	260820 
200 14	270270 
200 15	264600 
200 16	260820 
200 19	236250 
200 17	291060 
200 18	287280 
200 20	253260 
200 21	270270 
200 22	277830 
200 23	270270 
200 24	257040 
200 27	243810 
200 26	264600 
200 28	270270 
200 25	308070 
200 30	260820 
200 29	285390 
200 31	270270 
200 32	289170 
200 34	266490 
200 35	255150 
200 33	285390 
200 36	262710 
200 37	257040 
200 38	253260 
200 40	236250 
200 39	255150 
200 41	251370 
200 44	262710 
200 43	283500 
200 42	298620 
200 45	274050 
200 46	270270 
200 47	264600 
200 48	275940 
200 50	266490 
200 49	283500 
200 51	264600 
200 52	262710 
200 53	266490 
200 54	270270 
200 56	262710 
200 55	279720 
200 57	262710 
200 58	277830 
200 59	274050 
200 60	300510 
200 61	255150 
200 62	268380 
200 64	253260 
200 63	279720 
200 65	255150 
200 66	253260 
200 68	243810 
200 67	274050 
200 70	238140 
200 69	285390 
200 71	249480 
200 72	285390 
200 73	268380 
200 74	277830 
200 75	279720 
200 76	270270 
200 77	270270 
200 79	249480 
200 78	268380 
200 80	249480 
200 82	243810 
200 83	262710 
200 84	258930 
200 81	289170 
200 85	262710 
200 87	266490 
200 86	275940 
200 88	270270 
200 89	291060 
200 92	262710 
200 91	272160 
200 90	274050 
200 93	243810 
200 95	255150 
200 96	270270 
200 94	287280 
200 97	289170 
200 98	289170 
200 100	262710 
200 99	279720 
250 1	400950 
250 4	364500 
250 2	378675 
250 3	402975 
250 5	360450 
250 7	380700 
250 6	388800 
250 8	358425 
250 12	356400 
250 9	390825 
250 11	378675 
250 10	384750 
250 15	364500 
250 16	358425 
250 14	374625 
250 13	417150 
250 17	346275 
250 19	384750 
250 20	372600 
250 18	407025 
250 21	362475 
250 22	328050 
250 23	350325 
250 24	362475 
250 25	386775 
250 27	358425 
250 26	370575 
250 28	366525 
250 31	340200 
250 29	362475 
250 30	360450 
250 32	392850 
250 33	378675 
250 34	362475 
250 35	405000 
250 36	400950 
250 37	372600 
250 39	354375 
250 38	398925 
250 40	382725 
250 41	342225 
250 42	370575 
250 43	384750 
250 44	350325 
250 45	362475 
250 46	384750 
250 48	366525 
250 47	443475 
250 49	378675 
250 50	386775 
250 51	364500 
250 52	356400 
250 53	394875 
250 54	346275 
250 55	390825 
250 56	378675 
250 58	350325 
250 57	384750 
250 59	390825 
250 60	407025 
250 62	368550 
250 61	394875 
250 63	346275 
250 64	394875 
250 66	362475 
250 65	378675 
250 67	346275 
250 68	368550 
250 69	378675 
250 71	358425 
250 70	388800 
250 72	388800 
250 75	364500 
250 74	376650 
250 73	396900 
250 76	402975 
250 77	374625 
250 78	372600 
250 79	370575 
250 80	342225 
250 81	364500 
250 82	364500 
250 83	407025 
250 84	374625 
250 85	378675 
250 86	384750 
250 87	350325 
250 88	362475 
250 89	340200 
250 90	364500 
250 91	396900 
250 92	360450 
250 93	358425 
250 94	384750 
250 96	380700 
250 95	411075 
250 97	370575 
250 98	394875 
250 99	382725 
250 100	398925 
300 1	509490 
300 3	491130 
300 2	520965 
300 4	511785 
300 5	504900 
300 6	500310 
300 8	488835 
300 7	525555 
300 10	495720 
300 9	562275 
300 12	502605 
300 11	546210 
300 14	502605 
300 13	537030 
300 15	523260 
300 16	507195 
300 18	477360 
300 17	573750 
300 19	523260 
300 20	527850 
300 21	514080 
300 22	511785 
300 24	527850 
300 23	553095 
300 25	523260 
300 27	488835 
300 28	516375 
300 26	562275 
300 29	520965 
300 32	509490 
300 31	532440 
300 30	571455 
300 33	530145 
300 35	509490 
300 34	523260 
300 36	559980 
300 37	527850 
300 39	530145 
300 38	573750 
300 40	511785 
300 41	488835 
300 42	543915 
300 43	520965 
300 44	520965 
300 45	507195 
300 48	465885 
300 46	520965 
300 47	509490 
300 49	553095 
300 51	527850 
300 52	530145 
300 50	573750 
300 53	493425 
300 56	486540 
300 54	498015 
300 55	539325 
300 57	488835 
300 58	479655 
300 60	488835 
300 59	527850 
300 61	495720 
300 62	527850 
300 63	523260 
300 64	525555 
300 65	514080 
300 66	488835 
300 67	504900 
300 68	511785 
300 69	498015 
300 70	523260 
300 72	541620 
300 71	582930 
300 73	509490 
300 74	491130 
300 75	514080 
300 76	509490 
300 77	546210 
300 78	509490 
300 79	543915 
300 80	520965 
300 81	459000 
300 82	543915 
300 83	475065 
300 84	530145 
300 85	491130 
300 86	525555 
300 88	511785 
300 87	562275 
300 89	523260 
300 90	523260 
300 92	491130 
300 91	527850 
300 93	539325 
300 94	539325 
300 95	543915 
300 96	530145 
300 97	534735 
300 98	511785 
300 99	502605 
300 100	518670 
350 1	668250 
350 2	619650 
350 3	658530 
350 4	697410 
350 5	639090 
350 6	726570 
350 7	636660 
350 8	648810 
350 9	641520 
350 11	597780 
350 10	673110 
350 12	711990 
350 13	711990 
350 14	680400 
350 15	663390 
350 16	714420 
350 17	643950 
350 18	651240 
350 19	685260 
350 20	685260 
350 21	675540 
350 22	600210 
350 23	673110 
350 24	668250 
350 25	631800 
350 26	663390 
350 27	617220 
350 28	592920 
350 29	643950 
350 30	690120 
350 31	743580 
350 32	675540 
350 33	687690 
350 34	646380 
350 35	605070 
350 36	697410 
350 37	641520 
350 38	607500 
350 39	690120 
350 40	583200 
350 41	634230 
350 42	668250 
350 43	675540 
350 44	656100 
350 45	777600 
350 46	709560 
350 47	673110 
350 48	651240 
350 49	668250 
350 50	692550 
350 51	622080 
350 52	675540 
350 53	663390 
350 54	663390 
350 55	622080 
350 56	668250 
350 57	612360 
350 58	617220 
350 59	639090 
350 60	624510 
350 61	663390 
350 62	711990 
350 63	724140 
350 64	726570 
350 66	660960 
350 65	733860 
350 67	687690 
350 68	687690 
350 70	634230 
350 69	643950 
350 71	670680 
350 72	646380 
350 73	566190 
350 74	690120 
350 75	643950 
350 76	682830 
350 77	675540 
350 78	716850 
350 79	663390 
350 80	660960 
350 81	653670 
350 82	631800 
350 83	634230 
350 84	609930 
350 85	660960 
350 86	624510 
350 87	699840 
350 88	605070 
350 89	707130 
350 90	629370 
350 91	651240 
350 92	707130 
350 93	634230 
350 94	636660 
350 95	668250 
350 96	634230 
350 97	704700 
350 98	665820 
350 99	636660 
350 100	617220 
400 1	820800 
400 2	861300 
400 3	793800 
400 4	864000 
400 5	812700 
400 6	934200 
400 7	896400 
400 8	896400 
400 9	801900 
400 10	834300 
400 11	855900 
400 12	939600 
400 13	882900 
400 14	831600 
400 15	812700 
400 16	842400 
400 17	845100 
400 19	839700 
400 18	936900 
400 20	891000 
400 21	772200 
400 22	888300 
400 23	834300 
400 24	826200 
400 25	912600 
400 26	804600 
400 27	899100 
400 28	874800 
400 29	801900 
400 30	934200 
400 31	947700 
400 32	877500 
400 33	882900 
400 34	885600 
400 35	823500 
400 36	807300 
400 37	831600 
400 38	820800 
400 39	891000 
400 40	891000 
400 41	777600 
400 42	850500 
400 43	850500 
400 44	845100 
400 45	764100 
400 46	891000 
400 47	880200 
400 48	874800 
400 49	837000 
400 50	850500 
400 52	864000 
400 51	888300 
400 53	837000 
400 54	918000 
400 55	850500 
400 56	839700 
400 57	823500 
400 58	974700 
400 59	891000 
400 61	834300 
400 60	939600 
400 63	837000 
400 62	850500 
400 64	828900 
400 65	847800 
400 66	837000 
400 68	826200 
400 67	874800 
400 69	869400 
400 70	855900 
400 71	823500 
400 72	869400 
400 73	853200 
400 75	764100 
400 74	785700 
400 76	880200 
400 77	855900 
400 79	796500 
400 78	882900 
400 81	845100 
400 80	853200 
400 83	839700 
400 82	961200 
400 85	855900 
400 84	869400 
400 87	807300 
400 86	891000 
400 89	772200 
400 88	801900 
400 90	885600 
400 91	877500 
400 93	855900 
400 92	877500 
400 94	818100 
400 95	839700 
400 97	831600 
400 96	845100 
400 99	815400 
400 98	850500 
400 100	826200 
450 1	1026270 
450 3	1048950 
450 4	1017765 
450 2	1182195 
450 5	1043280 
450 6	986580 
450 7	1006425 
450 8	1034775 
450 9	1023435 
450 11	963900 
450 10	1060290 
450 12	1009260 
450 13	944055 
450 15	1023435 
450 14	1102815 
450 16	1057455 
450 17	1071630 
450 18	949725 
450 19	1012095 
450 20	986580 
450 21	1020600 
450 22	952560 
450 23	966735 
450 24	1068795 
450 25	1063125 
450 26	944055 
450 27	1060290 
450 28	949725 
450 29	1145340 
450 30	1080135 
450 31	972405 
450 32	1009260 
450 33	961065 
450 34	1057455 
450 35	1003590 
450 36	969570 
450 37	1048950 
450 38	1009260 
450 39	989415 
450 40	1029105 
450 41	1057455 
450 43	1020600 
450 42	1037610 
450 44	975240 
450 45	995085 
450 47	944055 
450 48	969570 
450 46	1102815 
450 49	992250 
450 50	1026270 
450 51	1006425 
450 52	1159515 
450 53	952560 
450 54	1043280 
450 55	1074465 
450 56	961065 
450 57	1006425 
450 58	983745 
450 59	1046115 
450 60	1014930 
450 61	1043280 
450 62	975240 
450 63	1037610 
450 64	1085805 
450 65	1057455 
450 66	1012095 
450 68	941220 
450 67	1065960 
450 69	1088640 
450 70	1029105 
450 71	1014930 
450 72	997920 
450 73	1151010 
450 74	1088640 
450 75	1068795 
450 76	1026270 
450 77	983745 
450 78	1088640 
450 79	1060290 
450 80	1065960 
450 81	1085805 
450 82	1009260 
450 83	1037610 
450 84	1065960 
450 85	966735 
450 86	1068795 
450 88	975240 
450 87	1077300 
450 89	1000755 
450 90	1031940 
450 91	995085 
450 92	1043280 
450 93	1071630 
450 94	986580 
450 95	1023435 
450 96	1048950 
450 97	927045 
450 98	963900 
450 99	980910 
450 100	938385 
500 1	1170180 
500 2	1158300 
500 4	1161270 
500 3	1277100 
500 5	1084050 
500 6	1286010 
500 7	1193940 
500 8	1241460 
500 9	1164240 
500 10	1185030 
500 11	1164240 
500 12	1241460 
500 13	1283040 
500 14	1309770 
500 15	1300860 
500 16	1220670 
500 17	1128600 
500 18	1199880 
500 19	1217700 
500 20	1277100 
500 21	1137510 
500 22	1036530 
500 23	1223640 
500 24	1247400 
500 25	1232550 
500 26	1294920 
500 27	1309770 
500 28	1226610 
500 29	1265220 
500 30	1170180 
500 32	1217700 
500 31	1300860 
500 33	1253340 
500 34	1330560 
500 35	1158300 
500 36	1259280 
500 37	1155330 
500 38	1158300 
500 39	1161270 
500 40	1294920 
500 41	1241460 
500 42	1250370 
500 43	1202850 
500 44	1199880 
500 45	1205820 
500 46	1143450 
500 47	1182060 
500 48	1247400 
500 49	1291950 
500 50	1190970 
500 51	1199880 
500 52	1208790 
500 53	1202850 
500 54	1152360 
500 55	1196910 
500 56	1229580 
500 57	1253340 
500 58	1214730 
500 59	1143450 
500 60	1208790 
500 61	1223640 
500 62	1188000 
500 63	1247400 
500 64	1277100 
500 65	1244430 
500 66	1238490 
500 67	1271160 
500 69	1193940 
500 68	1238490 
500 70	1434510 
500 71	1226610 
500 73	1214730 
500 72	1339470 
500 74	1300860 
500 75	1297890 
500 76	1318680 
500 77	1211760 
500 78	1262250 
500 79	1182060 
500 81	1220670 
500 80	1348380 
500 82	1149390 
500 83	1220670 
500 84	1214730 
500 85	1223640 
500 86	1235520 
500 87	1235520 
500 88	1182060 
500 89	1199880 
500 90	1199880 
500 91	1259280 
500 92	1226610 
500 93	1196910 
500 94	1283040 
500 95	1277100 
500 96	1235520 
500 97	1280070 
500 98	1208790 
500 99	1280070 
500 100	1235520 
550 1	1350675 
550 2	1450035 
550 3	1496610 
550 4	1443825 
550 5	1477980 
550 6	1518345 
550 7	1353780 
550 8	1446930 
550 9	1328940 
550 10	1465560 
550 11	1397250 
550 12	1350675 
550 13	1384830 
550 14	1288575 
550 15	1546290 
550 16	1474875 
550 17	1440720 
550 18	1462455 
550 19	1434510 
550 20	1276155 
550 21	1422090 
550 22	1558710 
550 23	1639440 
550 24	1552500 
550 25	1412775 
550 26	1502820 
550 28	1415880 
550 27	1521450 
550 29	1493505 
550 30	1375515 
550 31	1484190 
550 32	1418985 
550 33	1636335 
550 34	1459350 
550 35	1409670 
550 36	1524555 
550 37	1418985 
550 38	1527660 
550 39	1344465 
550 40	1437615 
550 41	1403460 
550 42	1350675 
550 43	1400355 
550 44	1450035 
550 45	1527660 
550 46	1415880 
550 47	1384830 
550 48	1477980 
550 49	1310310 
550 50	1552500 
550 51	1366200 
550 52	1409670 
550 53	1350675 
550 54	1518345 
550 55	1524555 
550 56	1465560 
550 57	1353780 
550 59	1387935 
550 58	1481085 
550 60	1422090 
550 61	1446930 
550 62	1443825 
550 63	1434510 
550 64	1515240 
550 65	1434510 
550 67	1453140 
550 66	1555605 
550 68	1372410 
550 69	1543185 
550 70	1400355 
550 71	1502820 
550 72	1356885 
550 73	1378620 
550 74	1456245 
550 75	1418985 
550 76	1481085 
550 77	1412775 
550 78	1335150 
550 79	1434510 
550 80	1592865 
550 81	1512135 
550 82	1620810 
550 83	1431405 
550 84	1446930 
550 85	1431405 
550 86	1499715 
550 87	1493505 
550 88	1431405 
550 89	1397250 
550 90	1415880 
550 91	1443825 
550 92	1353780 
550 93	1418985 
550 94	1363095 
550 95	1592865 
550 97	1344465 
550 96	1462455 
550 98	1366200 
550 100	1434510 
550 99	1490400 
600 1	1571400 
600 2	1610280 
600 3	1639440 
600 4	1636200 
600 5	1639440 
600 6	1662120 
600 7	1571400 
600 8	1665360 
600 9	1649160 
600 10	1632960 
600 11	1746360 
600 12	1675080 
600 13	1645920 
600 14	1581120 
600 15	1671840 
600 16	1681560 
600 17	1691280 
600 18	1616760 
600 19	1675080 
600 20	1675080 
600 21	1743120 
600 22	1691280 
600 23	1688040 
600 24	1597320 
600 25	1655640 
600 26	1743120 
600 27	1620000 
600 28	1707480 
600 29	1600560 
600 30	1759320 
600 31	1681560 
600 32	1671840 
600 33	1775520 
600 34	1636200 
600 35	1772280 
600 36	1701000 
600 37	1684800 
600 38	1623240 
600 40	1529280 
600 39	1713960 
600 41	1620000 
600 42	1587600 
600 43	1519560 
600 44	1649160 
600 45	1736640 
600 46	1587600 
600 47	1645920 
600 48	1817640 
600 49	1675080 
600 50	1723680 
600 51	1616760 
600 52	1626480 
600 53	1490400 
600 54	1655640 
600 55	1668600 
600 57	1571400 
600 56	1765800 
600 58	1684800 
600 59	1746360 
600 60	1645920 
600 61	1610280 
600 62	1785240 
600 63	1820880 
600 64	1574640 
600 65	1645920 
600 66	1726920 
600 67	1726920 
600 68	1726920 
600 69	1733400 
600 70	1678320 
600 71	1509840 
600 72	1652400 
600 73	1632960 
600 74	1769040 
600 75	1645920 
600 76	1717200 
600 77	1752840 
600 78	1675080 
600 79	1752840 
600 80	1752840 
600 81	1532520 
600 82	1668600 
600 83	1623240 
600 84	1649160 
600 85	1739880 
600 86	1807920 
600 87	1756080 
600 88	1723680 
600 89	1668600 
600 90	1697760 
600 91	1765800 
600 92	1730160 
600 93	1872720 
600 94	1649160 
600 95	1723680 
600 96	1824120 
600 97	1717200 
600 98	1645920 
600 99	1769040 
600 100	1746360 
650 1	1886625 
650 2	1849500 
650 3	1994625 
650 4	2079000 
650 5	1950750 
650 6	1964250 
650 7	1998000 
650 8	1809000 
650 9	1913625 
650 10	1964250 
650 11	1964250 
650 12	1866375 
650 13	1876500 
650 14	1930500 
650 15	1815750 
650 16	1987875 
650 17	1714500 
650 18	2129625 
650 19	1987875 
650 21	1873125 
650 20	1920375 
650 22	1883250 
650 23	1998000 
650 24	2025000 
650 25	2025000 
650 26	2106000 
650 27	1812375 
650 29	1778625 
650 28	1832625 
650 31	1879875 
650 30	1994625 
650 32	1792125 
650 33	2048625 
650 35	1809000 
650 34	1876500 
650 36	1927125 
650 37	1873125 
650 38	1893375 
650 39	1893375 
650 40	1839375 
650 41	1795500 
650 42	1927125 
650 44	1896750 
650 43	1977750 
650 45	1971000 
650 46	1738125 
650 48	1863000 
650 47	1839375 
650 49	1906875 
650 50	1883250 
650 52	1815750 
650 51	1950750 
650 53	1974375 
650 54	2014875 
650 55	1971000 
650 56	2028375 
650 57	2011500 
650 59	1822500 
650 58	2089125 
650 61	1846125 
650 60	2143125 
650 62	1832625 
650 63	1893375 
650 64	1836000 
650 65	1893375 
650 66	2045250 
650 67	2008125 
650 68	1900125 
650 69	1977750 
650 70	1809000 
650 71	1927125 
650 72	1856250 
650 73	1903500 
650 74	1876500 
650 75	1937250 
650 76	1977750 
650 77	2008125 
650 78	1917000 
650 79	1863000 
650 80	1917000 
650 81	1998000 
650 82	1761750 
650 83	1856250 
650 84	1981125 
650 85	1829250 
650 86	1863000 
650 87	1832625 
650 88	1883250 
650 89	1836000 
650 90	2041875 
650 91	1849500 
650 92	2122875 
650 93	2041875 
650 94	1829250 
650 95	1879875 
650 96	1910250 
650 97	1940625 
650 98	1927125 
650 99	1896750 
650 100	1694250 
700 1	2172690 
700 2	2232360 
700 3	2225340 
700 4	2148120 
700 5	2102490 
700 6	2263950 
700 7	2183220 
700 8	2267460 
700 9	2256930 
700 10	2098980 
700 11	2018250 
700 12	2169180 
700 13	2021760 
700 15	2148120 
700 14	2313090 
700 16	1976130 
700 17	2253420 
700 18	2102490 
700 19	2074410 
700 20	2225340 
700 21	2155140 
700 22	2204280 
700 23	2228850 
700 24	2007720 
700 25	2165670 
700 26	2127060 
700 27	2176200 
700 28	2134080 
700 29	2176200 
700 30	2281500 
700 31	2162160 
700 32	2116530 
700 33	2232360 
700 34	2116530 
700 35	2214810 
700 36	2221830 
700 37	2288520 
700 39	2053350 
700 38	2323620 
700 40	2400840 
700 41	2151630 
700 42	2098980 
700 43	2095470 
700 44	2207790 
700 45	2351700 
700 46	2144610 
700 47	2260440 
700 48	2081430 
700 49	2127060 
700 50	2260440 
700 51	2109510 
700 52	2292030 
700 53	2232360 
700 54	2190240 
700 55	2190240 
700 56	2155140 
700 57	2292030 
700 58	2246400 
700 59	2098980 
700 60	2158650 
700 61	2225340 
700 62	2056860 
700 63	2365740 
700 64	2088450 
700 65	2277990 
700 66	2306070 
700 67	2320110 
700 68	2379780 
700 69	2169180 
700 70	2063880 
700 71	2144610 
700 72	2120040 
700 73	2179710 
700 74	2137590 
700 75	2074410 
700 76	2302560 
700 77	1997190 
700 78	2106000 
700 79	2204280 
700 80	2274480 
700 81	2141100 
700 82	2183220 
700 83	2383290 
700 84	2141100 
700 85	2151630 
700 86	2225340 
700 87	2285010 
700 88	2067390 
700 89	2327130 
700 90	2155140 
700 91	2109510 
700 92	2249910 
700 93	2084940 
700 94	2281500 
700 95	2295540 
700 96	2193750 
700 97	2144610 
700 98	2186730 
700 99	2204280 
700 100	2267460 
750 1	2354670 
750 2	2267190 
750 4	2343735 
750 3	2620755 
750 5	2489535 
750 6	2310930 
750 7	2518695 
750 8	2405700 
750 9	2387475 
750 10	2566080 
750 11	2194290 
750 12	2449440 
750 13	2540565 
750 14	2412990 
750 15	2307285 
750 16	2445795 
750 17	2303640 
750 18	2387475 
750 19	2460375 
750 20	2197935 
750 21	2478600 
750 22	2474955 
750 23	2391120 
750 24	2358315 
750 25	2438505 
750 26	2646270 
750 27	2380185 
750 28	2394765 
750 29	2442150 
750 30	2456730 
750 31	2566080 
750 32	2431215 
750 33	2613465 
750 34	2624400 
750 36	2474955 
750 35	2642625 
750 37	2453085 
750 38	2445795 
750 39	2343735 
750 40	2347380 
750 41	2347380 
750 42	2467665 
750 43	2515050 
750 44	2569725 
750 45	2679075 
750 46	2434860 
750 48	2405700 
750 47	2653560 
750 49	2380185 
750 50	2405700 
750 51	2522340 
750 52	2438505 
750 53	2525985 
750 54	2325510 
750 56	2387475 
750 55	2453085 
750 57	2511405 
750 58	2715525 
750 59	2544210 
750 60	2693655 
750 61	2544210 
750 62	2467665 
750 63	2445795 
750 64	2474955 
750 65	2525985 
750 66	2580660 
750 68	2259900 
750 67	2525985 
750 69	2449440 
750 70	2478600 
750 71	2219805 
750 72	2489535 
750 73	2369250 
750 74	2467665 
750 76	2383830 
750 75	2744685 
750 77	2405700 
750 78	2292705 
750 79	2325510 
750 80	2598885 
750 81	2540565 
750 82	2507760 
750 84	2449440 
750 83	2733750 
750 85	2584305 
750 86	2332800 
750 88	2547855 
750 87	2573370 
750 89	2697300 
750 90	2544210 
750 91	2230740 
750 92	2533275 
750 93	2412990 
750 94	2358315 
750 95	2343735 
750 96	2609820 
750 98	2540565 
750 97	2653560 
750 99	2493180 
750 100	2620755 
800 2	2642220 
800 1	2812320 
800 3	2729160 
800 4	2759400 
800 5	2714040 
800 6	2785860 
800 7	2725380 
800 8	2729160 
800 9	2672460 
800 10	2687580 
800 11	2744280 
800 12	2642220 
800 14	2619540 
800 13	2925720 
800 15	2846340 
800 16	2850120 
800 17	2778300 
800 18	2823660 
800 19	2646000 
800 20	2816100 
800 21	2642220 
800 22	2766960 
800 23	3012660 
800 24	2850120 
800 25	2502360 
800 26	2649780 
800 27	2959740 
800 28	2649780 
800 29	2763180 
800 30	3020220 
800 31	2770740 
800 32	2876580 
800 33	2732940 
800 34	2876580 
800 35	2812320 
800 36	2680020 
800 37	2774520 
800 38	2774520 
800 39	2755620 
800 40	2562840 
800 41	2816100 
800 42	2706480 
800 44	2759400 
800 43	2891700 
800 45	2933280 
800 46	2649780 
800 47	2812320 
800 48	2782080 
800 49	2710260 
800 50	2710260 
800 52	2782080 
800 51	2865240 
800 53	2736720 
800 54	2831220 
800 55	2698920 
800 56	2865240 
800 57	2668680 
800 58	3069360 
800 59	2853900 
800 60	2937060 
800 61	3046680 
800 62	2714040 
800 64	2491020 
800 63	2876580 
800 65	2819880 
800 67	2547720 
800 66	2918160 
800 68	2842560 
800 69	2865240 
800 70	2672460 
800 71	2770740 
800 72	3058020 
800 73	2789640 
800 74	2857680 
800 75	2857680 
800 76	2770740 
800 77	2702700 
800 78	2600640 
800 79	2869020 
800 80	2748060 
800 81	2676240 
800 82	2838780 
800 83	2668680 
800 84	2808540 
800 85	2721600 
800 86	2842560 
800 87	2963520 
800 88	2899260 
800 89	2751840 
800 90	2695140 
800 91	2649780 
800 92	2887920 
800 93	2732940 
800 94	2623320 
800 95	2891700 
800 96	2751840 
800 97	2944620 
800 98	2559060 
800 99	2559060 
800 100	2732940 
850 1	3210300 
850 2	3085020 
850 3	2728755 
850 4	3421710 
850 6	3096765 
850 5	3386475 
850 7	3386475 
850 8	3010635 
850 9	3139830 
850 10	3018465 
850 11	3206385 
850 12	2920590 
850 13	3171150 
850 14	3355155 
850 15	3198555 
850 16	3108510 
850 17	3053700 
850 18	3057615 
850 19	2846205 
850 20	3147660 
850 21	3128085 
850 22	3186810 
850 23	3218130 
850 24	3088935 
850 26	2783565 
850 25	3421710 
850 27	2987145 
850 28	3092850 
850 29	3038040 
850 30	3092850 
850 31	3120255 
850 32	2807055 
850 33	3073275 
850 35	2998890 
850 34	3128085 
850 36	3128085 
850 37	3276855 
850 39	3143745 
850 38	3186810 
850 40	2951910 
850 41	3045870 
850 42	2940165 
850 43	3304260 
850 44	3018465 
850 45	3237705 
850 46	3030210 
850 48	3143745 
850 47	3316005 
850 50	2924505 
850 49	3178980 
850 51	2940165 
850 52	3143745 
850 53	3171150 
850 54	3092850 
850 55	3073275 
850 56	3171150 
850 57	3124170 
850 58	3198555 
850 59	3323835 
850 60	3167235 
850 61	3186810 
850 62	3135915 
850 63	2869695 
850 64	2916675 
850 65	2963655 
850 66	3077190 
850 67	3319920 
850 68	3284685 
850 69	3041955 
850 70	3100680 
850 72	3198555 
850 71	3441285 
850 73	3096765 
850 74	3014550 
850 76	3351240 
850 75	3386475 
850 77	3014550 
850 78	3002805 
850 79	3077190 
850 80	3096765 
850 81	2908845 
850 82	2897100 
850 83	2771820 
850 84	3045870 
850 85	2998890 
850 86	3343410 
850 87	3053700 
850 88	2881440 
850 89	3214215 
850 90	3202470 
850 92	2924505 
850 91	3182895 
850 93	3178980 
850 94	3073275 
850 95	3214215 
850 96	3124170 
850 97	2908845 
850 98	3092850 
850 99	3104595 
850 100	3175065 
900 1	3620700 
900 2	3288600 
900 3	3231900 
900 4	3515400 
900 5	3114450 
900 6	3308850 
900 7	3078000 
900 8	3312900 
900 9	3446550 
900 10	3543750 
900 11	3349350 
900 12	3430350 
900 13	3231900 
900 14	3296700 
900 15	3333150 
900 16	3369600 
900 17	3227850 
900 18	3527550 
900 19	3689550 
900 20	3620700 
900 21	3333150 
900 22	3373650 
900 23	3414150 
900 24	3296700 
900 25	3292650 
900 26	3495150 
900 27	3555900 
900 28	3426300 
900 29	3726000 
900 30	3446550 
900 31	3349350 
900 32	3665250 
900 33	3604500 
900 34	3559950 
900 35	3402000 
900 36	3527550 
900 37	3389850 
900 38	3430350 
900 39	3543750 
900 40	3349350 
900 41	3227850 
900 42	3381750 
900 43	3381750 
900 44	3531600 
900 45	3811050 
900 46	3515400 
900 47	3308850 
900 48	3402000 
900 49	3572100 
900 50	3474900 
900 51	3345300 
900 52	3235950 
900 53	3300750 
900 54	3264300 
900 55	3385800 
900 56	3454650 
900 57	3511350 
900 58	3535650 
900 59	3474900 
900 60	3422250 
900 61	3515400 
900 62	3312900 
900 63	3272400 
900 64	3406050 
900 65	3357450 
900 67	3329100 
900 66	3503250 
900 68	3559950 
900 69	3365550 
900 70	3499200 
900 71	3365550 
900 72	3280500 
900 73	3653100 
900 74	3349350 
900 75	3628800 
900 76	3312900 
900 77	3414150 
900 78	3523500 
900 79	3507300 
900 80	3349350 
900 81	3361500 
900 82	3312900 
900 83	3393900 
900 84	3406050 
900 86	3264300 
900 85	3576150 
900 87	3357450 
900 88	3288600 
900 90	3422250 
900 89	3519450 
900 91	3397950 
900 92	3531600 
900 93	3596400 
900 94	3612600 
900 95	3547800 
900 96	3434400 
900 97	3580200 
900 99	3179250 
900 98	3576150 
900 100	3572100 
950 3	3527550 
950 1	3592350 
950 2	3843450 
950 4	3661200 
950 6	3523500 
950 5	3636900 
950 7	3717900 
950 8	3713850 
950 10	3774600 
950 9	3944700 
950 11	3827250 
950 12	3616650 
950 13	3495150 
950 14	3932550 
950 16	3701700 
950 15	3875850 
950 17	3754350 
950 19	3381750 
950 18	3823200 
950 20	3620700 
950 21	3701700 
950 22	3576150 
950 23	3636900 
950 24	3863700 
950 25	3827250 
950 26	3754350 
950 27	3892050 
950 28	3802950 
950 29	3896100 
950 30	3604500 
950 31	3669300 
950 32	3754350 
950 34	3600450 
950 33	3807000 
950 35	3904200 
950 36	3604500 
950 37	3689550 
950 38	3835350 
950 40	3645000 
950 39	3807000 
950 42	3527550 
950 41	3924450 
950 44	3778650 
950 43	4122900 
950 45	3535650 
950 46	3900150 
950 47	3742200 
950 48	3888000 
950 49	3827250 
950 50	3495150 
950 51	3770550 
950 52	3393900 
950 53	3815100 
950 54	3855600 
950 55	3774600 
950 56	3843450 
950 58	3717900 
950 57	3985200 
950 59	3620700 
950 60	3580200 
950 61	3628800 
950 62	3681450 
950 63	3507300 
950 64	3709800 
950 66	3523500 
950 65	3754350 
950 67	3896100 
950 68	3847500 
950 69	3689550 
950 70	3576150 
950 72	3385800 
950 71	3766500 
950 74	3851550 
950 73	4033800 
950 75	3774600 
950 76	3819150 
950 78	3604500 
950 77	3879900 
950 80	3665250 
950 79	3875850 
950 82	3592350 
950 81	3892050 
950 83	3766500 
950 84	3863700 
950 85	3592350 
950 86	3608550 
950 87	3863700 
950 88	3669300 
950 89	3786750 
950 90	3632850 
950 91	3539700 
950 92	3859650 
950 93	3649050 
950 94	3734100 
950 95	3734100 
950 96	3754350 
950 97	3993300 
950 98	3831300 
950 99	4102650 
950 100	3807000 
1000 1	3917160 
1000 2	4021785 
1000 4	3984120 
1000 3	4289625 
1000 5	3984120 
1000 6	4239405 
1000 7	3975750 
1000 8	4415175 
1000 9	3959010 
1000 10	4084560 
1000 11	4038525 
1000 12	4067820 
1000 13	3720465 
1000 14	3921345 
1000 15	4118040 
1000 16	3933900 
1000 17	3657690 
1000 18	3984120 
1000 19	4189185 
1000 20	4076190 
1000 21	4042710 
1000 22	4101300 
1000 23	4059450 
1000 24	3862755 
1000 25	4080375 
1000 26	4126410 
1000 27	4088745 
1000 28	4088745 
1000 29	4327290 
1000 30	4155705 
1000 31	4155705 
1000 32	3988305 
1000 33	4159890 
1000 34	3967380 
1000 35	3850200 
1000 36	4134780 
1000 37	4461210 
1000 38	4055265 
1000 39	4013415 
1000 40	4323105 
1000 41	4072005 
1000 42	4017600 
1000 43	3795795 
1000 44	4231035 
1000 45	3912975 
1000 46	3816720 
1000 47	4226850 
1000 48	3908790 
1000 49	4042710 
1000 50	3866940 
1000 51	4046895 
1000 52	3896235 
1000 53	4030155 
1000 54	4113855 
1000 55	3984120 
1000 56	4143150 
1000 57	4197555 
1000 58	4277070 
1000 59	4327290 
1000 60	4030155 
1000 61	4210110 
1000 62	4272885 
1000 63	4067820 
1000 64	4214295 
1000 65	4042710 
1000 66	4226850 
1000 67	4285440 
1000 68	4272885 
1000 69	4356585 
1000 70	4025970 
1000 71	4076190 
1000 72	4155705 
1000 74	3653505 
1000 73	4088745 
1000 75	3912975 
1000 76	3866940 
1000 77	4005045 
1000 78	4176630 
1000 79	4051080 
1000 80	4306365 
1000 81	3971565 
1000 82	4109670 
1000 83	3854385 
1000 84	4092930 
1000 85	3938085 
1000 86	4021785 
1000 87	4293810 
1000 88	3825090 
1000 89	4352400 
1000 90	3984120 
1000 91	3988305 
1000 92	3661875 
1000 93	4176630 
1000 94	4251960 
1000 95	4059450 
1000 96	4369140 
1000 98	3942270 
1000 97	4310550 
1000 99	4105485 
1000 100	4088745 
